# # hall conductivity
-5.999999999999999778e-01 -1.799824744920094233e+01
-5.959999999999999742e-01 -1.736115359469303598e+01
-5.919999999999999707e-01 -2.160084951255039076e+00
-5.879999999999999671e-01 2.497104511179692565e+00
-5.839999999999999636e-01 2.587020998036295705e+00
-5.799999999999999600e-01 5.470080018879939665e+00
-5.759999999999999565e-01 2.482072374726769937e+01
-5.719999999999999529e-01 2.634293915098189132e+01
-5.679999999999999494e-01 2.632225974953099978e+01
-5.639999999999999458e-01 2.396803128037602093e+01
-5.599999999999999423e-01 2.010003710664160437e+01
-5.559999999999999387e-01 2.000008670715418191e+01
-5.519999999999999352e-01 1.991857844661976884e+01
-5.479999999999999316e-01 1.760368031400730615e+01
-5.439999999999999281e-01 1.669754795274175763e+01
-5.400000000000000355e-01 1.666854122535526983e+01
-5.360000000000000320e-01 1.508552936661329191e+01
-5.320000000000000284e-01 1.760502684809181151e+00
-5.280000000000000249e-01 4.582269307379004397e-01
-5.240000000000000213e-01 5.064196650277186240e-01
-5.200000000000000178e-01 4.853977914705821739e+00
-5.160000000000000142e-01 1.384750201083908649e+01
-5.120000000000000107e-01 1.411445598169556348e+01
-5.080000000000000071e-01 1.393038445662022795e+01
-5.040000000000000036e-01 7.639820582573097596e+00
-5.000000000000000000e-01 4.568370687460788560e+00
-4.959999999999999964e-01 4.521265539520983978e+00
-4.919999999999999929e-01 4.210041451191106177e+00
-4.879999999999999893e-01 1.019044251607551743e+00
-4.839999999999999858e-01 6.391512434349304606e-01
-4.799999999999999822e-01 7.041234985881976716e-01
-4.759999999999999787e-01 5.871454941197597144e+00
-4.719999999999999751e-01 1.897902486292949575e+01
-4.679999999999999716e-01 1.943163084950109720e+01
-4.639999999999999680e-01 1.933837142673968401e+01
-4.599999999999999645e-01 1.558528111145586337e+01
-4.559999999999999609e-01 1.335624088075512006e+01
-4.519999999999999574e-01 1.330391227020033362e+01
-4.479999999999999538e-01 1.154159939834372750e+01
-4.439999999999999503e-01 -9.911555806698931548e+00
-4.399999999999999467e-01 -1.296508393588337960e+01
-4.359999999999999432e-01 -1.299205740787578733e+01
-4.319999999999999396e-01 -1.249206420963627018e+01
-4.279999999999999361e-01 -1.097793680274729233e+01
-4.239999999999999880e-01 -1.091815569176205436e+01
-4.199999999999999845e-01 -1.093345544069271114e+01
-4.159999999999999809e-01 -1.161148518678056618e+01
-4.119999999999999774e-01 -1.208823987443383530e+01
-4.079999999999999738e-01 -1.209158827779297773e+01
-4.039999999999999702e-01 -1.165614596538493331e+01
-3.999999999999999667e-01 -5.541750468457433243e+00
-3.959999999999999631e-01 -4.527787747341099234e+00
-3.919999999999999596e-01 -4.503045446328116874e+00
-3.880000000000000115e-01 -3.410330631136228252e+00
-3.840000000000000080e-01 4.246053521066254777e-01
-3.800000000000000044e-01 5.976161059162028444e-01
-3.760000000000000009e-01 8.211989386569670257e-01
-3.719999999999999973e-01 1.109575992377092390e+01
-3.679999999999999938e-01 1.941355051978885982e+01
-3.639999999999999902e-01 1.952981203751705763e+01
-3.599999999999999867e-01 1.671954758877891223e+01
-3.559999999999999831e-01 -2.754732986027290664e+01
-3.519999999999999796e-01 -3.587608986984233184e+01
-3.479999999999999760e-01 -3.600976518981907049e+01
-3.439999999999999725e-01 -3.926577343395570097e+01
-3.399999999999999689e-01 -5.213600354453478758e+01
-3.359999999999999654e-01 -5.276536441774423736e+01
-3.319999999999999618e-01 -5.243968172860277122e+01
-3.279999999999999583e-01 -3.609177534601251836e+01
-3.239999999999999547e-01 -2.129482243669330188e+01
-3.199999999999999512e-01 -2.101706426418017770e+01
-3.159999999999999476e-01 -2.039377679666998233e+01
-3.119999999999999440e-01 -9.733451208223716122e+00
-3.079999999999999960e-01 -7.520605179988626432e+00
-3.039999999999999925e-01 -7.488344579424123459e+00
-2.999999999999999889e-01 -6.919546655827427450e+00
-2.959999999999999853e-01 -4.461687713014606871e+00
-2.919999999999999818e-01 -4.330994985483480164e+00
-2.879999999999999782e-01 -4.287991916363566247e+00
-2.839999999999999747e-01 -2.145826145432222276e+00
-2.799999999999999711e-01 -4.311814814652592531e-02
-2.759999999999999676e-01 -6.153569244984859882e-03
-2.719999999999999640e-01 -3.226958022720547992e-01
-2.679999999999999605e-01 -6.101676149930545634e+00
-2.639999999999999569e-01 -7.386705635039437112e+00
-2.599999999999999534e-01 -7.414747230558432989e+00
-2.559999999999999498e-01 -8.531623495102904187e+00
-2.519999999999999463e-01 -1.365079748802379278e+01
-2.479999999999999982e-01 -1.393587318664924979e+01
-2.439999999999999947e-01 -1.390441912631149890e+01
-2.399999999999999911e-01 -1.209544892416212214e+01
-2.359999999999999876e-01 -1.022941573976116914e+01
-2.319999999999999840e-01 -1.018903018740626720e+01
-2.279999999999999805e-01 -9.807566371337864908e+00
-2.239999999999999769e-01 -2.628743150325421940e+00
-2.199999999999999734e-01 -9.709911466334155694e-01
-2.159999999999999698e-01 -9.462432882638645015e-01
-2.119999999999999662e-01 -4.956566714805826779e-01
-2.079999999999999627e-01 1.625920390009343075e+00
-2.039999999999999591e-01 1.745977005730197984e+00
-1.999999999999999556e-01 1.638397170523930635e+00
-1.959999999999999520e-01 -4.143379541709719227e+00
-1.919999999999999485e-01 -1.020964154323878859e+01
-1.879999999999999449e-01 -1.033012849826914348e+01
-1.839999999999999414e-01 -1.039129500711317711e+01
-1.799999999999999933e-01 -1.152707436127237273e+01
-1.759999999999999898e-01 -1.179120155951562054e+01
-1.719999999999999862e-01 -1.183014925570140186e+01
-1.679999999999999827e-01 -1.491741131352063299e+01
-1.639999999999999791e-01 -2.938492012188887159e+01
-1.599999999999999756e-01 -3.020562765871221700e+01
-1.559999999999999720e-01 -3.005991953873027711e+01
-1.519999999999999685e-01 -2.194369699159791764e+01
-1.479999999999999649e-01 -1.356855797568096378e+01
-1.439999999999999614e-01 -1.339956501005459089e+01
-1.399999999999999578e-01 -1.291059346079663506e+01
-1.359999999999999543e-01 -3.898690222318760057e+00
-1.319999999999999507e-01 -1.862145108710375974e+00
-1.279999999999999472e-01 -1.832042400981810815e+00
-1.239999999999999436e-01 -1.300182032814194200e+00
-1.199999999999999956e-01 1.096919469222478627e+00
-1.159999999999999920e-01 1.229054736218576638e+00
-1.119999999999999885e-01 1.270067803559274955e+00
-1.079999999999999849e-01 3.307645603636146792e+00
-1.039999999999999813e-01 5.304923514432248410e+00
-9.999999999999997780e-02 5.341317331716128436e+00
-9.599999999999997424e-02 5.170979969803334519e+00
-9.199999999999997069e-02 2.177954031969182580e+00
-8.799999999999996714e-02 1.541840889833406170e+00
-8.399999999999996358e-02 1.529095503169218162e+00
-7.999999999999996003e-02 1.076191985069314683e+00
-7.599999999999995648e-02 -8.215487470506152023e-01
-7.199999999999995293e-02 -9.207220965663871493e-01
-6.799999999999994937e-02 -1.045412204048442373e+00
-6.399999999999994582e-02 -7.112306337172743298e+00
-5.999999999999994227e-02 -1.256313409818854865e+01
-5.599999999999993872e-02 -1.266155647516225891e+01
-5.199999999999993516e-02 -1.254129246715499413e+01
-4.799999999999993161e-02 -1.058846947263739935e+01
-4.399999999999992806e-02 -1.021132180634548092e+01
-3.999999999999992450e-02 -1.018526110412791219e+01
-3.599999999999992095e-02 -8.389732968485667186e+00
-3.199999999999991740e-02 -1.643026438155010371e+00
-2.799999999999991385e-02 -1.324282139211513165e+00
-2.399999999999991029e-02 -1.229793695123961417e+00
-2.000000000000001776e-02 2.951433530225199497e+00
-1.600000000000001421e-02 6.270265510710655299e+00
-1.200000000000001066e-02 6.327102650250579607e+00
-8.000000000000007105e-03 6.285221122552407280e+00
-4.000000000000003553e-03 5.678129491418674846e+00
0.000000000000000000e+00 5.575335055554400121e+00
4.000000000000003553e-03 5.569211468577216273e+00
8.000000000000007105e-03 5.172039067045298033e+00
1.200000000000001066e-02 3.882997941890836469e+00
1.600000000000001421e-02 3.828242384042334745e+00
2.000000000000001776e-02 3.742354989019682776e+00
2.400000000000002132e-02 1.898704801264831932e-01
2.800000000000002487e-02 -2.208987917168056647e+00
3.200000000000002842e-02 -2.247614435067446514e+00
3.600000000000003197e-02 -2.248909009882548826e+00
4.000000000000003553e-02 -2.260180671842248579e+00
4.400000000000003908e-02 -2.261875006795920129e+00
4.800000000000004263e-02 -2.270202246978168414e+00
5.200000000000004619e-02 -2.902871549223017933e+00
5.600000000000004974e-02 -4.608998932024634954e+00
6.000000000000005329e-02 -4.670980737184609488e+00
6.400000000000005684e-02 -4.689426346756650155e+00
6.800000000000006040e-02 -5.342868015831609974e+00
7.200000000000006395e-02 -5.704022485601542236e+00
7.600000000000006750e-02 -5.708984108264441915e+00
8.000000000000007105e-02 -5.668988516690983914e+00
8.400000000000007461e-02 -5.265198793523235388e+00
8.800000000000007816e-02 -5.217994060135431766e+00
9.200000000000008171e-02 -5.224881505643628188e+00
9.600000000000008527e-02 -5.751186673204565558e+00
1.000000000000000888e-01 -6.883998132512988199e+00
1.039999999999999813e-01 -6.918629357110874345e+00
1.079999999999999849e-01 -6.900911264783685439e+00
1.119999999999999885e-01 -6.340064190439222536e+00
1.159999999999999920e-01 -6.096044557664011876e+00
1.199999999999999956e-01 -6.087017556051340428e+00
1.239999999999999991e-01 -5.559967330363066118e+00
1.280000000000000027e-01 -1.365770308299749436e+00
1.320000000000000062e-01 -9.773896760090000635e-01
1.360000000000000098e-01 -9.568002340881172074e-01
1.400000000000000133e-01 1.149765077198320329e-01
1.440000000000000169e-01 1.881349639159186626e+00
1.480000000000000204e-01 1.924636463219208116e+00
1.520000000000000240e-01 1.714955793531107497e+00
1.560000000000000275e-01 -3.576556367704987860e+00
1.600000000000000311e-01 -5.318018584444875074e+00
1.640000000000000346e-01 -5.342964767370347978e+00
1.680000000000000382e-01 -5.592315517503527289e+00
1.720000000000000417e-01 -7.089387212486336409e+00
1.760000000000000453e-01 -7.195585492680800499e+00
1.800000000000000488e-01 -7.188509023841368695e+00
1.840000000000000524e-01 -6.724112558879878243e+00
1.880000000000000560e-01 -6.162384252827862063e+00
1.920000000000000595e-01 -6.151201028820204364e+00
1.960000000000000631e-01 -6.231270563256785522e+00
2.000000000000000666e-01 -7.789156797121917108e+00
2.040000000000000702e-01 -8.162215377260189086e+00
2.080000000000000737e-01 -8.168753552134887741e+00
2.120000000000000773e-01 -8.348275548602515528e+00
2.160000000000000808e-01 -9.125841282369016483e+00
2.200000000000000844e-01 -9.166811894154124118e+00
2.240000000000000879e-01 -9.134072109328927880e+00
2.280000000000000915e-01 -7.556220146763951817e+00
2.320000000000000950e-01 -6.214747631815845885e+00
2.359999999999999876e-01 -6.193119180882579400e+00
2.399999999999999911e-01 -6.414097886598169929e+00
2.439999999999999947e-01 -9.554208375747775150e+00
2.479999999999999982e-01 -1.008104439681469877e+01
2.520000000000000018e-01 -1.007391151444224953e+01
2.560000000000000053e-01 -9.056443512385365935e+00
2.600000000000000089e-01 -6.025487007289364705e+00
2.640000000000000124e-01 -5.906504218765890712e+00
2.680000000000000160e-01 -5.856630383307435572e+00
2.720000000000000195e-01 -4.031100700406407888e+00
2.760000000000000231e-01 -2.986435128006869721e+00
2.800000000000000266e-01 -2.970130142433485165e+00
2.840000000000000302e-01 -2.918932786927690426e+00
2.880000000000000338e-01 -2.418955876384357939e+00
2.920000000000000373e-01 -2.362083489329337205e+00
2.960000000000000409e-01 -2.358593534660133884e+00
3.000000000000000444e-01 -2.159764171046877568e+00
3.040000000000000480e-01 -1.771692355317726397e+00
3.080000000000000515e-01 -1.760545566565421494e+00
3.120000000000000551e-01 -1.760193826286020613e+00
3.160000000000000586e-01 -1.753529220704104219e+00
3.200000000000000622e-01 -1.751094244948797618e+00
3.240000000000000657e-01 -1.753612619116722948e+00
3.280000000000000693e-01 -1.984207657477413012e+00
3.320000000000000728e-01 -3.454660595193135730e+00
3.360000000000000764e-01 -3.564730119718608314e+00
3.400000000000000799e-01 -3.544642301200671586e+00
3.440000000000000835e-01 -2.333308356237809633e+00
3.480000000000000870e-01 -8.569359214878454756e-01
3.520000000000000906e-01 -8.244153858622801367e-01
3.560000000000000941e-01 -7.368751577161796185e-01
3.599999999999999867e-01 8.924785975721625242e-01
3.639999999999999902e-01 1.265007381309080969e+00
3.679999999999999938e-01 1.266712311633044985e+00
3.719999999999999973e-01 1.044088241108996673e+00
3.760000000000000009e-01 1.714401110123086325e-01
3.800000000000000044e-01 1.287257155338348280e-01
3.840000000000000080e-01 1.141470560860054356e-01
3.880000000000000115e-01 -5.010185905394798356e-01
3.920000000000000151e-01 -9.474566428104204130e-01
3.960000000000000187e-01 -9.548589302137429069e-01
4.000000000000000222e-01 -9.544893279208501724e-01
4.040000000000000258e-01 -9.493144406823494919e-01
4.080000000000000293e-01 -9.486076283873314807e-01
4.120000000000000329e-01 -9.487109806765562370e-01
4.160000000000000364e-01 -9.567590329130253313e-01
4.200000000000000400e-01 -9.750867699652815412e-01
4.240000000000000435e-01 -9.756782008602645773e-01
4.280000000000000471e-01 -9.762137599006989186e-01
4.320000000000000506e-01 -9.920543149401086502e-01
4.360000000000000542e-01 -9.985939148517942732e-01
4.400000000000000577e-01 -9.986257935461232416e-01
4.440000000000000613e-01 -9.934550157519254077e-01
4.480000000000000648e-01 -9.581710870685886672e-01
4.520000000000000684e-01 -9.553437601300883708e-01
4.560000000000000719e-01 -9.544340094299209598e-01
4.600000000000000755e-01 -9.035103587664987668e-01
4.640000000000000790e-01 -8.396620937835775900e-01
4.680000000000000826e-01 -8.380200659796294138e-01
4.720000000000000862e-01 -8.130227122262291273e-01
4.760000000000000897e-01 -3.520185108253578443e-01
4.800000000000000933e-01 -2.480821399311285425e-01
4.840000000000000968e-01 -2.455740159636477238e-01
4.880000000000001004e-01 -1.394772268133016857e-01
4.920000000000001039e-01 2.534043693648282969e-01
4.960000000000001075e-01 2.715918386939175644e-01
5.000000000000001110e-01 2.613668145345022231e-01
5.040000000000001146e-01 -1.641549866747386288e-01
5.080000000000001181e-01 -4.432678928280922026e-01
5.120000000000001217e-01 -4.479523115916504983e-01
5.160000000000001252e-01 -4.712605722101757544e-01
5.200000000000001288e-01 -7.102315543044549484e-01
5.240000000000001323e-01 -7.387442939526525088e-01
5.280000000000001359e-01 -7.390601153691382930e-01
5.320000000000001394e-01 -7.397969177736051227e-01
5.360000000000001430e-01 -7.411814551243181004e-01
5.400000000000001465e-01 -7.412169877266429063e-01
5.440000000000001501e-01 -7.408825366696136783e-01
5.480000000000001537e-01 -7.324791785519919607e-01
5.520000000000001572e-01 -7.297253333452610180e-01
5.559999999999999387e-01 -7.296599551255495975e-01
5.599999999999999423e-01 -7.269950080545828364e-01
5.639999999999999458e-01 -7.130755878448673535e-01
5.679999999999999494e-01 -7.122050999395719284e-01
5.719999999999999529e-01 -7.121994601747480003e-01
5.759999999999999565e-01 -7.123569650156585942e-01
5.799999999999999600e-01 -7.125000368271147133e-01
5.839999999999999636e-01 -7.125117096691022667e-01
5.879999999999999671e-01 -7.133929234340102843e-01
5.919999999999999707e-01 -7.252182265518929416e-01
5.959999999999999742e-01 -7.270854377793614098e-01
5.999999999999999778e-01 -7.271050246101603554e-01
6.039999999999999813e-01 -7.270246430543292337e-01
6.079999999999999849e-01 -7.268263161052969101e-01
6.119999999999999885e-01 -7.268138502740958407e-01
6.159999999999999920e-01 -7.262303774405109991e-01
6.199999999999999956e-01 -7.087287723527332384e-01
6.239999999999999991e-01 -7.014700104680121617e-01
6.280000000000000027e-01 -7.013650691709832907e-01
6.320000000000000062e-01 -7.007756360128389872e-01
6.360000000000000098e-01 -6.970177788937560459e-01
6.400000000000000133e-01 -6.967393274201753028e-01
6.440000000000000169e-01 -6.971206142354476887e-01
6.480000000000000204e-01 -7.178839107113460516e-01
6.520000000000000240e-01 -7.404286218469330327e-01
6.560000000000000275e-01 -7.409091619855372457e-01
6.600000000000000311e-01 -7.435562025060903357e-01
6.640000000000000346e-01 -7.840093418613002241e-01
6.680000000000000382e-01 -7.913879191223429643e-01
6.720000000000000417e-01 -7.916847945533345143e-01
6.760000000000000453e-01 -8.080589249810321562e-01
6.800000000000000488e-01 -8.534362869863868495e-01
6.840000000000000524e-01 -8.551454667811593247e-01
6.880000000000000560e-01 -8.582984458693976304e-01
6.920000000000000595e-01 -9.586476489892559183e-01
6.960000000000000631e-01 -1.004165167461098296e+00
7.000000000000000666e-01 -1.005020480551716444e+00
7.040000000000000702e-01 -1.025155899183832764e+00
7.080000000000000737e-01 -1.161259048753384704e+00
7.120000000000000773e-01 -1.172046718578506841e+00
7.160000000000000808e-01 -1.172806259729331613e+00
7.200000000000000844e-01 -1.208354119849461838e+00
7.240000000000000879e-01 -1.248108207834542238e+00
7.280000000000000915e-01 -1.248894464416979488e+00
7.320000000000000950e-01 -1.246304360036929459e+00
7.360000000000000986e-01 -1.206568640402560844e+00
7.400000000000001021e-01 -1.199314842443987672e+00
7.440000000000001057e-01 -1.197669592184671616e+00
7.480000000000001092e-01 -1.078769651236791249e+00
7.520000000000001128e-01 -7.594487190819068090e-01
7.560000000000001164e-01 -7.479270672684269483e-01
7.600000000000001199e-01 -7.488608012693325211e-01
7.640000000000001235e-01 -7.809219509370728396e-01
7.680000000000001270e-01 -7.945862307632581834e-01
7.720000000000001306e-01 -7.947807410713045861e-01
7.760000000000001341e-01 -7.954752933806655824e-01
7.800000000000001377e-01 -7.997555287923032719e-01
7.840000000000001412e-01 -7.998248106121352841e-01
7.880000000000001448e-01 -7.748878146028161940e-01
7.920000000000001483e-01 5.099658654275924796e-01
7.960000000000001519e-01 1.777761522577565145e+00
8.000000000000001554e-01 1.801770140088212901e+00
8.040000000000001590e-01 1.775953573803792152e+00
8.079999999999999405e-01 1.428756969492442908e+00
8.119999999999999440e-01 1.374299436570178390e+00
8.159999999999999476e-01 1.369177064210555184e+00
8.199999999999999512e-01 1.043775416623340613e+00
8.239999999999999547e-01 3.188646070654356790e-01
8.279999999999999583e-01 2.959455210855875262e-01
8.319999999999999618e-01 2.862127099195734825e-01
8.359999999999999654e-01 3.916064297527842991e-02
8.399999999999999689e-01 -4.548111889589177836e-02
8.439999999999999725e-01 -4.648677295231855300e-02
8.479999999999999760e-01 -3.931485246318316973e-02
8.519999999999999796e-01 -4.507832193891095698e-03
8.559999999999999831e-01 -2.453001143266115344e-03
8.599999999999999867e-01 -6.053891839009990436e-04
8.639999999999999902e-01 7.986975239166466123e-02
8.679999999999999938e-01 1.395993527184595795e-01
8.719999999999999973e-01 1.406991883750060013e-01
8.760000000000000009e-01 1.501510118861696108e-01
8.800000000000000044e-01 2.445744079168375718e-01
8.840000000000000080e-01 2.555397713599658616e-01
8.880000000000000115e-01 2.558656353396995264e-01
8.920000000000000151e-01 2.691597169199099748e-01
8.960000000000000187e-01 2.900571396531267387e-01
9.000000000000000222e-01 2.905785963631343782e-01
9.040000000000000258e-01 2.906307054792010569e-01
9.080000000000000293e-01 2.915303630711437166e-01
9.120000000000000329e-01 2.917420368738167791e-01
9.160000000000000364e-01 2.917508458516639980e-01
9.200000000000000400e-01 2.922537331321319876e-01
9.240000000000000435e-01 2.938761124682515713e-01
9.280000000000000471e-01 2.939467851435456636e-01
9.320000000000000506e-01 2.942657533047636220e-01
9.360000000000000542e-01 3.047739731966004895e-01
9.400000000000000577e-01 3.097572542489080427e-01
9.440000000000000613e-01 3.098447930173172660e-01
9.480000000000000648e-01 3.113892008536284783e-01
9.520000000000000684e-01 3.211989954192477903e-01
9.560000000000000719e-01 3.219386119503260257e-01
9.600000000000000755e-01 3.225952403056821516e-01
9.640000000000000790e-01 3.551718337416600590e-01
9.680000000000000826e-01 3.857391630975043340e-01
9.720000000000000862e-01 3.864342552087438043e-01
9.760000000000000897e-01 3.984410533863355086e-01
9.800000000000000933e-01 5.408139104897564664e-01
9.840000000000000968e-01 5.605406584301286799e-01
9.880000000000001004e-01 5.616662755729011636e-01
9.920000000000001039e-01 6.227782968621728976e-01
9.960000000000001075e-01 7.332442000666348214e-01
1.000000000000000000e+00 7.362724265000603063e-01
