# # hall conductivity
-5.999999999999999778e-01 -5.342375718321408229e-01
-5.959999999999999742e-01 -5.356443158130600457e-01
-5.919999999999999707e-01 -5.691273915226036095e-01
-5.879999999999999671e-01 -5.793859494323283510e-01
-5.839999999999999636e-01 -5.796124732042474692e-01
-5.799999999999999600e-01 -5.885543136217717963e-01
-5.759999999999999565e-01 -6.485740012962228906e-01
-5.719999999999999529e-01 -6.533012313267729798e-01
-5.679999999999999494e-01 -6.538347041785673719e-01
-5.639999999999999458e-01 -6.852171127217780988e-01
-5.599999999999999423e-01 -7.367743882350121787e-01
-5.559999999999999387e-01 -7.381154433196495113e-01
-5.519999999999999352e-01 -7.400921779269166167e-01
-5.479999999999999316e-01 -7.965377584081886342e-01
-5.439999999999999281e-01 -8.186292674882849063e-01
-5.400000000000000355e-01 -8.189921254059142619e-01
-5.360000000000000320e-01 -8.253825390021425346e-01
-5.320000000000000284e-01 -8.791539847242662020e-01
-5.280000000000000249e-01 -8.844134397666676417e-01
-5.240000000000000213e-01 -8.846622908592496337e-01
-5.200000000000000178e-01 -8.982761349314205557e-01
-5.160000000000000142e-01 -9.264363879602477425e-01
-5.120000000000000107e-01 -9.272811648367280668e-01
-5.080000000000000071e-01 -9.276100127520851002e-01
-5.040000000000000036e-01 -9.384103640921458434e-01
-5.000000000000000000e-01 -9.436835830791641122e-01
-4.959999999999999964e-01 -9.437504685829679607e-01
-4.919999999999999929e-01 -9.429508645009606616e-01
-4.879999999999999893e-01 -9.347337865542613144e-01
-4.839999999999999858e-01 -9.337526152904165322e-01
-4.799999999999999822e-01 -9.336184376807619145e-01
-4.759999999999999787e-01 -9.243608276641900323e-01
-4.719999999999999751e-01 -9.008781050542863378e-01
-4.679999999999999716e-01 -9.000573604109186610e-01
-4.639999999999999680e-01 -8.992154262938745202e-01
-4.599999999999999645e-01 -8.671944535925567576e-01
-4.559999999999999609e-01 -8.481778445179043446e-01
-4.519999999999999574e-01 -8.478426909258753863e-01
-4.479999999999999538e-01 -8.435717386674321805e-01
-4.439999999999999503e-01 -7.916047319035539598e-01
-4.399999999999999467e-01 -7.842058847778696773e-01
-4.359999999999999432e-01 -7.839187276855695830e-01
-4.319999999999999396e-01 -7.677218260142774087e-01
-4.279999999999999361e-01 -7.187064987788043258e-01
-4.239999999999999880e-01 -7.167579877323182469e-01
-4.199999999999999845e-01 -7.158939163331869970e-01
-4.159999999999999809e-01 -6.798563503012707843e-01
-4.119999999999999774e-01 -6.545144279593727576e-01
-4.079999999999999738e-01 -6.540702321758958826e-01
-4.039999999999999702e-01 -6.512004995915836592e-01
-3.999999999999999667e-01 -6.109677715230522610e-01
-3.959999999999999631e-01 -6.042959944749490830e-01
-3.919999999999999596e-01 -6.041427015734920358e-01
-3.880000000000000115e-01 -5.977258627390400481e-01
-3.840000000000000080e-01 -5.752060372760856577e-01
-3.800000000000000044e-01 -5.742022359085402483e-01
-3.760000000000000009e-01 -5.741369744426327859e-01
-3.719999999999999973e-01 -5.715783172584050220e-01
-3.679999999999999938e-01 -5.695070751140325349e-01
-3.639999999999999902e-01 -5.694833232438714088e-01
-3.599999999999999867e-01 -5.706949016133824326e-01
-3.559999999999999831e-01 -5.897754850262233450e-01
-3.519999999999999796e-01 -5.933665105474232870e-01
-3.479999999999999760e-01 -5.935316448555265634e-01
-3.439999999999999725e-01 -6.039014823541055677e-01
-3.399999999999999689e-01 -6.449010959003210752e-01
-3.359999999999999654e-01 -6.469246090203160104e-01
-3.319999999999999618e-01 -6.477980756893783054e-01
-3.279999999999999583e-01 -6.898113117799626881e-01
-3.239999999999999547e-01 -7.278386819291338128e-01
-3.199999999999999512e-01 -7.285855291162253167e-01
-3.159999999999999476e-01 -7.334547493173972921e-01
-3.119999999999999440e-01 -8.169724862421950951e-01
-3.079999999999999960e-01 -8.343109777584626352e-01
-3.039999999999999925e-01 -8.347757195583965784e-01
-2.999999999999999889e-01 -8.572255213412917074e-01
-2.959999999999999853e-01 -9.542680556852930485e-01
-2.919999999999999818e-01 -9.594250259722766350e-01
-2.879999999999999782e-01 -9.608027624270419897e-01
-2.839999999999999747e-01 -1.028932518993138645e+00
-2.799999999999999711e-01 -1.095808823890199291e+00
-2.759999999999999676e-01 -1.097148112896556116e+00
-2.719999999999999640e-01 -1.103323393255339901e+00
-2.679999999999999605e-01 -1.215697479237730194e+00
-2.639999999999999569e-01 -1.240685568965495200e+00
-2.599999999999999534e-01 -1.241265008463511954e+00
-2.559999999999999498e-01 -1.265914321953437005e+00
-2.519999999999999463e-01 -1.378895750008326093e+00
-2.479999999999999982e-01 -1.385207278642972550e+00
-2.439999999999999947e-01 -1.386552937030806509e+00
-2.399999999999999911e-01 -1.454109962500705677e+00
-2.359999999999999876e-01 -1.523795508045106883e+00
-2.319999999999999840e-01 -1.525215292781335608e+00
-2.279999999999999805e-01 -1.530672995149889637e+00
-2.239999999999999769e-01 -1.633227952000616323e+00
-2.199999999999999734e-01 -1.656911733380661111e+00
-2.159999999999999698e-01 -1.657426002272564425e+00
-2.119999999999999662e-01 -1.677721542509343466e+00
-2.079999999999999627e-01 -1.773310440479554995e+00
-2.039999999999999591e-01 -1.778776903765121320e+00
-1.999999999999999556e-01 -1.779816609236782199e+00
-1.959999999999999520e-01 -1.832138974210337778e+00
-1.919999999999999485e-01 -1.887035455708124143e+00
-1.879999999999999449e-01 -1.888159484834964985e+00
-1.839999999999999414e-01 -1.892063194811021365e+00
-1.799999999999999933e-01 -1.965759412007875184e+00
-1.759999999999999898e-01 -1.982876766721643369e+00
-1.719999999999999862e-01 -1.983230007308145249e+00
-1.679999999999999827e-01 -1.996276923532627867e+00
-1.639999999999999791e-01 -2.057408884412663674e+00
-1.599999999999999756e-01 -2.060888149973318928e+00
-1.559999999999999720e-01 -2.061444188124436749e+00
-1.519999999999999685e-01 -2.088899533047217538e+00
-1.479999999999999649e-01 -2.117230077947433564e+00
-1.439999999999999614e-01 -2.117798249583027648e+00
-1.399999999999999578e-01 -2.119106601516192345e+00
-1.359999999999999543e-01 -2.143199074536857651e+00
-1.319999999999999507e-01 -2.148643408916578235e+00
-1.279999999999999472e-01 -2.148705785492715847e+00
-1.239999999999999436e-01 -2.148579252949621932e+00
-1.199999999999999956e-01 -2.148005914277633988e+00
-1.159999999999999920e-01 -2.147970837711540959e+00
-1.119999999999999885e-01 -2.147604174652342213e+00
-1.079999999999999849e-01 -2.128794907471062814e+00
-1.039999999999999813e-01 -2.110357048253119316e+00
-9.999999999999997780e-02 -2.109969148641505754e+00
-9.599999999999997424e-02 -2.106397716352079730e+00
-9.199999999999997069e-02 -2.043839764660154490e+00
-8.799999999999996714e-02 -2.030542714738217569e+00
-8.399999999999996358e-02 -2.030118807722731678e+00
-7.999999999999996003e-02 -2.007363137428204602e+00
-7.599999999999995648e-02 -1.912004770177555546e+00
-7.199999999999995293e-02 -1.907064978032599667e+00
-6.799999999999994937e-02 -1.905266803747567517e+00
-6.399999999999994582e-02 -1.819504035346194426e+00
-5.999999999999994227e-02 -1.742449260581227399e+00
-5.599999999999993872e-02 -1.740938480805008570e+00
-5.199999999999993516e-02 -1.730863716077663650e+00
-4.799999999999993161e-02 -1.568799065581147012e+00
-4.399999999999992806e-02 -1.537511678893585199e+00
-3.999999999999992450e-02 -1.536583246682078796e+00
-3.599999999999992095e-02 -1.489424798488846013e+00
-3.199999999999991740e-02 -1.312235454894906228e+00
-2.799999999999991385e-02 -1.303858356105962679e+00
-2.399999999999991029e-02 -1.300772882880304238e+00
-2.000000000000001776e-02 -1.163306748303271965e+00
-1.600000000000001421e-02 -1.054191858585985075e+00
-1.200000000000001066e-02 -1.052161337221905857e+00
-8.000000000000007105e-03 -1.037700629047788814e+00
-4.000000000000003553e-03 -8.310936720137431788e-01
0.000000000000000000e+00 -7.961202450173386902e-01
4.000000000000003553e-03 -7.950220858237085908e-01
8.000000000000007105e-03 -7.385595621971817737e-01
1.200000000000001066e-02 -5.553157982545269267e-01
1.600000000000001421e-02 -5.476193872164113463e-01
2.000000000000001776e-02 -5.443481323550314332e-01
2.400000000000002132e-02 -4.113656382162959591e-01
2.800000000000002487e-02 -3.215666571976008026e-01
3.200000000000002842e-02 -3.199857005238765928e-01
3.600000000000003197e-02 -3.068716716611854523e-01
4.000000000000003553e-02 -1.464152151056471451e-01
4.400000000000003908e-02 -1.234262789582582925e-01
4.800000000000004263e-02 -1.226236982426326810e-01
5.200000000000004619e-02 -8.064125074234283763e-02
5.600000000000004974e-02 3.256694695926126704e-02
6.000000000000005329e-02 3.668829985478327255e-02
6.400000000000005684e-02 3.879112793211023785e-02
6.800000000000006040e-02 1.143520945147936396e-01
7.200000000000006395e-02 1.561156123185684363e-01
7.600000000000006750e-02 1.568071635377533135e-01
8.000000000000007105e-02 1.633977842374700895e-01
8.400000000000007461e-02 2.297885241684924917e-01
8.800000000000007816e-02 2.375635309900628600e-01
9.200000000000008171e-02 2.378437170060954675e-01
9.600000000000008527e-02 2.518841654013553311e-01
1.000000000000000888e-01 2.821027006673817450e-01
1.039999999999999813e-01 2.830345976543831576e-01
1.079999999999999849e-01 2.833823723209518142e-01
1.119999999999999885e-01 2.938982555054932555e-01
1.159999999999999920e-01 2.984724545362132386e-01
1.199999999999999956e-01 2.985266824429736454e-01
1.239999999999999991e-01 2.977184844838202116e-01
1.280000000000000027e-01 2.912817023781347769e-01
1.320000000000000062e-01 2.906845404046288217e-01
1.360000000000000098e-01 2.905374818466077147e-01
1.400000000000000133e-01 2.814095299940972406e-01
1.440000000000000169e-01 2.663652271564109220e-01
1.480000000000000204e-01 2.659684855086644206e-01
1.520000000000000240e-01 2.649274062057566659e-01
1.560000000000000275e-01 2.388055041647147991e-01
1.600000000000000311e-01 2.302081952498865325e-01
1.640000000000000346e-01 2.300348435692063098e-01
1.680000000000000382e-01 2.243029236938300919e-01
1.720000000000000417e-01 1.898659086437812227e-01
1.760000000000000453e-01 1.874176748513863289e-01
1.800000000000000488e-01 1.870283164506964246e-01
1.840000000000000524e-01 1.663022097203449290e-01
1.880000000000000560e-01 1.412324844598991103e-01
1.920000000000000595e-01 1.406777531198543374e-01
1.960000000000000631e-01 1.387114513078946121e-01
2.000000000000000666e-01 1.006108581128575125e-01
2.040000000000000702e-01 9.148658000230081022e-02
2.080000000000000737e-01 9.126927606896489964e-02
2.120000000000000773e-01 8.200465162629158589e-02
2.160000000000000808e-01 4.187144909629427619e-02
2.200000000000000844e-01 3.973421221937135234e-02
2.240000000000000879e-01 3.910660592456247087e-02
2.280000000000000915e-01 1.025892265130183556e-02
2.320000000000000950e-01 -1.426754422266218736e-02
2.359999999999999876e-01 -1.473789829573743902e-02
2.399999999999999911e-01 -1.802440396901488703e-02
2.439999999999999947e-01 -6.461652026094809320e-02
2.479999999999999982e-01 -7.243727583974128581e-02
2.520000000000000018e-01 -7.271630580195760640e-02
2.560000000000000053e-01 -8.770235238831565472e-02
2.600000000000000089e-01 -1.323396425079495231e-01
2.640000000000000124e-01 -1.340954782429581715e-01
2.680000000000000160e-01 -1.351933372484851181e-01
2.720000000000000195e-01 -1.756993444512568447e-01
2.760000000000000231e-01 -1.988795514622587468e-01
2.800000000000000266e-01 -1.992891674419162151e-01
2.840000000000000302e-01 -2.049664202308989769e-01
2.880000000000000338e-01 -2.605412967787534284e-01
2.920000000000000373e-01 -2.668630322055173254e-01
2.960000000000000409e-01 -2.672590269511121441e-01
3.000000000000000444e-01 -2.899159971361165433e-01
3.040000000000000480e-01 -3.341376819664411690e-01
3.080000000000000515e-01 -3.354246713674888247e-01
3.120000000000000551e-01 -3.371612392348519172e-01
3.160000000000000586e-01 -3.845859690383656160e-01
3.200000000000000622e-01 -4.020911363058389254e-01
3.240000000000000657e-01 -4.024087380521302881e-01
3.280000000000000693e-01 -4.103658292178494760e-01
3.320000000000000728e-01 -4.610923092018709424e-01
3.360000000000000764e-01 -4.649006910818678784e-01
3.400000000000000799e-01 -4.653710558690419830e-01
3.440000000000000835e-01 -4.899913323864042991e-01
3.480000000000000870e-01 -5.199977896397017796e-01
3.520000000000000906e-01 -5.206604779562156171e-01
3.560000000000000941e-01 -5.226112684983068579e-01
3.599999999999999867e-01 -5.589319132699464010e-01
3.639999999999999902e-01 -5.672375156987121692e-01
3.679999999999999938e-01 -5.674204480842857112e-01
3.719999999999999973e-01 -5.745223084526135393e-01
3.760000000000000009e-01 -6.023514072493875160e-01
3.800000000000000044e-01 -6.037124787090746292e-01
3.840000000000000080e-01 -6.040640412214021149e-01
3.880000000000000115e-01 -6.187545579440454357e-01
3.920000000000000151e-01 -6.294158505894955624e-01
3.960000000000000187e-01 -6.296044696210557623e-01
4.000000000000000222e-01 -6.307381917202801169e-01
4.040000000000000258e-01 -6.440083295157811305e-01
4.080000000000000293e-01 -6.458236936596610800e-01
4.120000000000000329e-01 -6.458782496186096234e-01
4.160000000000000364e-01 -6.484028856551437014e-01
4.200000000000000400e-01 -6.541517173968001142e-01
4.240000000000000435e-01 -6.543363389026495280e-01
4.280000000000000471e-01 -6.544139603335143995e-01
4.320000000000000506e-01 -6.566806785841485805e-01
4.360000000000000542e-01 -6.576165544289757081e-01
4.400000000000000577e-01 -6.576304598181319516e-01
4.440000000000000613e-01 -6.577429142353290459e-01
4.480000000000000648e-01 -6.585093079905002256e-01
4.520000000000000684e-01 -6.585706316571369179e-01
4.560000000000000719e-01 -6.585813335002108637e-01
4.600000000000000755e-01 -6.591636306074425411e-01
4.640000000000000790e-01 -6.598937022409578912e-01
4.680000000000000826e-01 -6.599113151491120544e-01
4.720000000000000862e-01 -6.600816480397949659e-01
4.760000000000000897e-01 -6.632217924715370083e-01
4.800000000000000933e-01 -6.639298729832037171e-01
4.840000000000000968e-01 -6.639588640718192547e-01
4.880000000000001004e-01 -6.656610064188284159e-01
4.920000000000001039e-01 -6.719645569986908429e-01
4.960000000000001075e-01 -6.722598980456562234e-01
5.000000000000001110e-01 -6.724572319953194821e-01
5.040000000000001146e-01 -6.804053079334960730e-01
5.080000000000001181e-01 -6.856187631425270101e-01
5.120000000000001217e-01 -6.857173182116020893e-01
5.160000000000001252e-01 -6.872071867233273679e-01
5.200000000000001288e-01 -7.025022663138819068e-01
5.240000000000001323e-01 -7.043283106983212472e-01
5.280000000000001359e-01 -7.044637599217884461e-01
5.320000000000001394e-01 -7.123596310016506727e-01
5.360000000000001430e-01 -7.272561631755021239e-01
5.400000000000001465e-01 -7.276820492149034258e-01
5.440000000000001501e-01 -7.284726132546475164e-01
5.480000000000001537e-01 -7.482105853727895051e-01
5.520000000000001572e-01 -7.546786644164503732e-01
5.559999999999999387e-01 -7.548123670091775317e-01
5.599999999999999423e-01 -7.593292021177605600e-01
5.639999999999999458e-01 -7.829201875069614625e-01
5.679999999999999494e-01 -7.843987031306319802e-01
5.719999999999999529e-01 -7.847359622038299065e-01
5.759999999999999565e-01 -8.006252690691783025e-01
5.799999999999999600e-01 -8.150421599366312053e-01
5.839999999999999636e-01 -8.153260271007725102e-01
5.879999999999999671e-01 -8.171838561209986418e-01
5.919999999999999707e-01 -8.420808841621212348e-01
5.959999999999999742e-01 -8.460131998047195623e-01
5.999999999999999778e-01 -8.461669574067280930e-01
6.039999999999999813e-01 -8.543449989318527837e-01
6.079999999999999849e-01 -8.744665815840390044e-01
6.119999999999999885e-01 -8.751532126345804574e-01
6.159999999999999920e-01 -8.757517776545649113e-01
6.199999999999999956e-01 -8.935065380248448097e-01
6.239999999999999991e-01 -9.008704859430499701e-01
6.280000000000000027e-01 -9.009994392354271353e-01
6.320000000000000062e-01 -9.036314411396003665e-01
6.360000000000000098e-01 -9.204325613318257160e-01
6.400000000000000133e-01 -9.216953528459939093e-01
6.440000000000000169e-01 -9.218275324877018839e-01
6.480000000000000204e-01 -9.282709445493616540e-01
6.520000000000000240e-01 -9.352669777363739056e-01
6.560000000000000275e-01 -9.354102189049990912e-01
6.600000000000000311e-01 -9.356538626394375058e-01
6.640000000000000346e-01 -9.393625645072646302e-01
6.680000000000000382e-01 -9.400386273236268631e-01
6.720000000000000417e-01 -9.400248455103711320e-01
6.760000000000000453e-01 -9.383812340066379765e-01
6.800000000000000488e-01 -9.338258849282380369e-01
6.840000000000000524e-01 -9.336534568951762036e-01
6.880000000000000560e-01 -9.332509428864040890e-01
6.920000000000000595e-01 -9.204257129159405526e-01
6.960000000000000631e-01 -9.146081502337203295e-01
7.000000000000000666e-01 -9.144833438888311239e-01
7.040000000000000702e-01 -9.104983094716542213e-01
7.080000000000000737e-01 -8.835589758808880534e-01
7.120000000000000773e-01 -8.814210666553172757e-01
7.160000000000000808e-01 -8.809958346670030416e-01
7.200000000000000844e-01 -8.588887296140277350e-01
7.240000000000000879e-01 -8.341648071824168120e-01
7.280000000000000915e-01 -8.336262453511046333e-01
7.320000000000000950e-01 -8.303655911737923834e-01
7.360000000000000986e-01 -7.805705247501830701e-01
7.400000000000001021e-01 -7.714967895351264593e-01
7.440000000000001057e-01 -7.711314566007914095e-01
7.480000000000001092e-01 -7.511463379221492431e-01
7.520000000000001128e-01 -6.974758536525725860e-01
7.560000000000001164e-01 -6.955182681601013162e-01
7.600000000000001199e-01 -6.935389092307102654e-01
7.640000000000001235e-01 -6.335608640249653645e-01
7.680000000000001270e-01 -6.079982713916509685e-01
7.720000000000001306e-01 -6.075069942292159464e-01
7.760000000000001341e-01 -5.947383063703128858e-01
7.800000000000001377e-01 -5.158253693899845782e-01
7.840000000000001412e-01 -5.100653903631338082e-01
7.880000000000001448e-01 -5.090028660453981280e-01
7.920000000000001483e-01 -4.573002789872599450e-01
7.960000000000001519e-01 -4.062839119690519474e-01
8.000000000000001554e-01 -4.052390535043740583e-01
8.040000000000001590e-01 -3.986096828069564113e-01
8.079999999999999405e-01 -3.103885140309636803e-01
8.119999999999999440e-01 -2.965578272195173448e-01
8.159999999999999476e-01 -2.959431801657779193e-01
8.199999999999999512e-01 -2.627059058326902674e-01
8.239999999999999547e-01 -1.886636121235403529e-01
8.279999999999999583e-01 -1.863024277754054825e-01
8.319999999999999618e-01 -1.832678445253260457e-01
8.359999999999999654e-01 -1.050153486998628843e-01
8.399999999999999689e-01 -7.820320647764855693e-02
8.439999999999999725e-01 -7.766275968739819180e-02
8.479999999999999760e-01 -6.070516055141723238e-02
8.519999999999999796e-01 2.145727154121549254e-02
8.559999999999999831e-01 2.627777630746397364e-02
8.599999999999999867e-01 2.757190397542414600e-02
8.639999999999999902e-01 8.243352035761185304e-02
8.679999999999999938e-01 1.231523010456547357e-01
8.719999999999999973e-01 1.239110053216944951e-01
8.760000000000000009e-01 1.312037310122453893e-01
8.800000000000000044e-01 2.040665592890394398e-01
8.840000000000000080e-01 2.125310666132887716e-01
8.880000000000000115e-01 2.130886639431149865e-01
8.920000000000000151e-01 2.428268942865832170e-01
8.960000000000000187e-01 2.895762662735855697e-01
9.000000000000000222e-01 2.907684958086283467e-01
9.040000000000000258e-01 2.934410641848549384e-01
9.080000000000000293e-01 3.443666761769996754e-01
9.120000000000000329e-01 3.563471754179388107e-01
9.160000000000000364e-01 3.566368704576156623e-01
9.200000000000000400e-01 3.684454319585385718e-01
9.240000000000000435e-01 4.065381812186609212e-01
9.280000000000000471e-01 4.081311228040453987e-01
9.320000000000000506e-01 4.088670764784216316e-01
9.360000000000000542e-01 4.326430906756836836e-01
9.400000000000000577e-01 4.439181357199861178e-01
9.440000000000000613e-01 4.441039487412949405e-01
9.480000000000000648e-01 4.464911834545385871e-01
9.520000000000000684e-01 4.616512678689345117e-01
9.560000000000000719e-01 4.627845359642022705e-01
9.600000000000000755e-01 4.627988097988028904e-01
9.640000000000000790e-01 4.629312810999658967e-01
9.680000000000000826e-01 4.630553441881247734e-01
9.720000000000000862e-01 4.630441873480243831e-01
9.760000000000000897e-01 4.617435092278537878e-01
9.800000000000000933e-01 4.463130703356703588e-01
9.840000000000000968e-01 4.441741246513637997e-01
9.880000000000001004e-01 4.439539228149589345e-01
9.920000000000001039e-01 4.307428998660789432e-01
9.960000000000001075e-01 4.068621290764281584e-01
1.000000000000000000e+00 4.061901218417048320e-01
