# # hall conductivity
-5.999999999999999778e-01 2.650437100197297241e+03
-5.959999999999999742e-01 2.650396668656534530e+03
-5.919999999999999707e-01 2.649708247553637193e+03
-5.879999999999999671e-01 2.649498494779697467e+03
-5.839999999999999636e-01 2.649611557556062962e+03
-5.799999999999999600e-01 2.660143987792972439e+03
-5.759999999999999565e-01 2.730849943345895099e+03
-5.719999999999999529e-01 2.736407502197145732e+03
-5.679999999999999494e-01 2.735865879771024538e+03
-5.639999999999999458e-01 2.697094804499297879e+03
-5.599999999999999423e-01 2.633397600534206504e+03
-5.559999999999999387e-01 2.631799230673606417e+03
-5.519999999999999352e-01 2.635273523834012849e+03
-5.479999999999999316e-01 2.735595087596582744e+03
-5.439999999999999281e-01 2.774856487971208480e+03
-5.400000000000000355e-01 2.775261284799063105e+03
-5.360000000000000320e-01 2.764164699918124825e+03
-5.320000000000000284e-01 2.670709566928237109e+03
-5.280000000000000249e-01 2.661578651000721493e+03
-5.240000000000000213e-01 2.662185971774964855e+03
-5.200000000000000178e-01 2.711605982456094807e+03
-5.160000000000000142e-01 2.813836995480289715e+03
-5.120000000000000107e-01 2.816880430523540326e+03
-5.080000000000000071e-01 2.815695537359503305e+03
-5.040000000000000036e-01 2.774763352129339637e+03
-5.000000000000000000e-01 2.754777923958270549e+03
-4.959999999999999964e-01 2.754503140812485981e+03
-4.919999999999999929e-01 2.755503407665082705e+03
-4.879999999999999893e-01 2.765801566674408150e+03
-4.839999999999999858e-01 2.767030765928518576e+03
-4.799999999999999822e-01 2.767150477549963853e+03
-4.759999999999999787e-01 2.775126724850749270e+03
-4.719999999999999751e-01 2.795358961300717056e+03
-4.679999999999999716e-01 2.796055525217748709e+03
-4.639999999999999680e-01 2.795701508054626174e+03
-4.599999999999999645e-01 2.781842133235552410e+03
-4.559999999999999609e-01 2.773610768991687564e+03
-4.519999999999999574e-01 2.773413280228479834e+03
-4.479999999999999538e-01 2.766494287525958043e+03
-4.439999999999999503e-01 2.682266402092616772e+03
-4.399999999999999467e-01 2.670277314951717926e+03
-4.359999999999999432e-01 2.670115770393886578e+03
-4.319999999999999396e-01 2.667711986017630807e+03
-4.279999999999999361e-01 2.660441149555333595e+03
-4.239999999999999880e-01 2.660159737177511033e+03
-4.199999999999999845e-01 2.660812101413778237e+03
-4.159999999999999809e-01 2.688762237144638220e+03
-4.119999999999999774e-01 2.708416886885747317e+03
-4.079999999999999738e-01 2.708736139871680280e+03
-4.039999999999999702e-01 2.708493708759208403e+03
-3.999999999999999667e-01 2.705046307488777074e+03
-3.959999999999999631e-01 2.704473290643776636e+03
-3.919999999999999596e-01 2.704322290183707082e+03
-3.880000000000000115e-01 2.692564736054559489e+03
-3.840000000000000080e-01 2.651297441436689041e+03
-3.800000000000000044e-01 2.649468951841196485e+03
-3.760000000000000009e-01 2.650473731316925296e+03
-3.719999999999999973e-01 2.697851374445131569e+03
-3.679999999999999938e-01 2.736207080965744353e+03
-3.639999999999999902e-01 2.736831202119318277e+03
-3.599999999999999867e-01 2.732535822232737246e+03
-3.559999999999999831e-01 2.664807404684246649e+03
-3.519999999999999796e-01 2.652068029239078896e+03
-3.479999999999999760e-01 2.652242205850685878e+03
-3.439999999999999725e-01 2.678842649941067521e+03
-3.399999999999999689e-01 2.784023217207506150e+03
-3.359999999999999654e-01 2.789203279801238750e+03
-3.319999999999999618e-01 2.790307687815357895e+03
-3.279999999999999583e-01 2.842135658990321190e+03
-3.239999999999999547e-01 2.889045879623195560e+03
-3.199999999999999512e-01 2.889913640225559448e+03
-3.159999999999999476e-01 2.890622625853079626e+03
-3.119999999999999440e-01 2.902656556273539081e+03
-3.079999999999999960e-01 2.905154442935335737e+03
-3.039999999999999925e-01 2.905182683718146563e+03
-2.999999999999999889e-01 2.905130777227805993e+03
-2.959999999999999853e-01 2.904905223633562400e+03
-2.919999999999999818e-01 2.904897696677725889e+03
-2.879999999999999782e-01 2.905352807777021098e+03
-2.839999999999999747e-01 2.928742469970177808e+03
-2.799999999999999711e-01 2.951701471222370856e+03
-2.759999999999999676e-01 2.952108359059442137e+03
-2.719999999999999640e-01 2.948977664533886127e+03
-2.679999999999999605e-01 2.891814557764059373e+03
-2.639999999999999569e-01 2.879104921221052336e+03
-2.599999999999999534e-01 2.878962952737479100e+03
-2.559999999999999498e-01 2.879533876555735333e+03
-2.519999999999999463e-01 2.882157601340184101e+03
-2.479999999999999982e-01 2.882303958596478878e+03
-2.439999999999999947e-01 2.882313240024659535e+03
-2.399999999999999911e-01 2.882724567487377044e+03
-2.359999999999999876e-01 2.883148909291365271e+03
-2.319999999999999840e-01 2.883164399623172812e+03
-2.279999999999999805e-01 2.883878200950250175e+03
-2.239999999999999769e-01 2.897322347679853010e+03
-2.199999999999999734e-01 2.900427091905111411e+03
-2.159999999999999698e-01 2.900492803341824128e+03
-2.119999999999999662e-01 2.903006358753332734e+03
-2.079999999999999627e-01 2.914844696957787164e+03
-2.039999999999999591e-01 2.915518167301729136e+03
-1.999999999999999556e-01 2.915283756106269266e+03
-1.959999999999999520e-01 2.902464554715043960e+03
-1.919999999999999485e-01 2.889014584392396500e+03
-1.879999999999999449e-01 2.888750115501224627e+03
-1.839999999999999414e-01 2.888880230514893356e+03
-1.799999999999999933e-01 2.891392212445113273e+03
-1.759999999999999898e-01 2.891971964210976239e+03
-1.719999999999999862e-01 2.891599016312737149e+03
-1.679999999999999827e-01 2.858878776911335081e+03
-1.639999999999999791e-01 2.705543607456687823e+03
-1.599999999999999756e-01 2.696847318098560663e+03
-1.559999999999999720e-01 2.698602633607159987e+03
-1.519999999999999685e-01 2.795743696850988272e+03
-1.479999999999999649e-01 2.895982986908328712e+03
-1.439999999999999614e-01 2.897946099289992162e+03
-1.399999999999999578e-01 2.897887127551257890e+03
-1.359999999999999543e-01 2.896443324799008678e+03
-1.319999999999999507e-01 2.896117158662505062e+03
-1.279999999999999472e-01 2.896127945716405065e+03
-1.239999999999999436e-01 2.897378149079406285e+03
-1.199999999999999956e-01 2.903015458492338439e+03
-1.159999999999999920e-01 2.903328347050843604e+03
-1.119999999999999885e-01 2.903645074354001736e+03
-1.079999999999999849e-01 2.919746510448542267e+03
-1.039999999999999813e-01 2.935529471658862349e+03
-9.999999999999997780e-02 2.935808239082435648e+03
-9.599999999999997424e-02 2.933588030818381412e+03
-9.199999999999997069e-02 2.894609754330015221e+03
-8.799999999999996714e-02 2.886327187464542476e+03
-8.399999999999996358e-02 2.886322175892151336e+03
-7.999999999999996003e-02 2.894005268599806186e+03
-7.599999999999995648e-02 2.926207434829143040e+03
-7.199999999999995293e-02 2.927868675372309553e+03
-6.799999999999994937e-02 2.927766450577324576e+03
-6.399999999999994582e-02 2.921934257026505293e+03
-5.999999999999994227e-02 2.916694164600569366e+03
-5.599999999999993872e-02 2.916601514716616293e+03
-5.199999999999993516e-02 2.916911069710404263e+03
-4.799999999999993161e-02 2.921912402469681183e+03
-4.399999999999992806e-02 2.922877787645244098e+03
-3.999999999999992450e-02 2.922890953433736740e+03
-3.599999999999992095e-02 2.923068453503313776e+03
-3.199999999999991740e-02 2.923735055749081766e+03
-2.799999999999991385e-02 2.923769574191494030e+03
-2.399999999999991029e-02 2.924089081559059196e+03
-2.000000000000001776e-02 2.938705432286289579e+03
-1.600000000000001421e-02 2.950307167814687546e+03
-1.200000000000001066e-02 2.950504325797705860e+03
-8.000000000000007105e-03 2.950208285615648947e+03
-4.000000000000003553e-03 2.945945473951807799e+03
0.000000000000000000e+00 2.945224886891560345e+03
4.000000000000003553e-03 2.945306314698502320e+03
8.000000000000007105e-03 2.952451058065987581e+03
1.200000000000001066e-02 2.975640381532550236e+03
1.600000000000001421e-02 2.976607817787430577e+03
2.000000000000001776e-02 2.976353006249094051e+03
2.400000000000002132e-02 2.965345562178192267e+03
2.800000000000002487e-02 2.957912587580292893e+03
3.200000000000002842e-02 2.957793798258489460e+03
3.600000000000003197e-02 2.957876570091706981e+03
4.000000000000003553e-02 2.958904614394178680e+03
4.400000000000003908e-02 2.959051736863430506e+03
4.800000000000004263e-02 2.959039361964014915e+03
5.200000000000004619e-02 2.957974645252744722e+03
5.600000000000004974e-02 2.955103382567208882e+03
6.000000000000005329e-02 2.955000666777511015e+03
6.400000000000005684e-02 2.955132176530268225e+03
6.800000000000006040e-02 2.959988405973806039e+03
7.200000000000006395e-02 2.962672518037692953e+03
7.600000000000006750e-02 2.962716188200100532e+03
8.000000000000007105e-02 2.963065938464892952e+03
8.400000000000007461e-02 2.966588468898845349e+03
8.800000000000007816e-02 2.967000442870797087e+03
9.200000000000008171e-02 2.966958564336963718e+03
9.600000000000008527e-02 2.963663428205005403e+03
1.000000000000000888e-01 2.956570990955640355e+03
1.039999999999999813e-01 2.956353186924918646e+03
1.079999999999999849e-01 2.956364589719524247e+03
1.119999999999999885e-01 2.956785285296357870e+03
1.159999999999999920e-01 2.956968329703528070e+03
1.199999999999999956e-01 2.956974655145780162e+03
1.239999999999999991e-01 2.957328559828983998e+03
1.280000000000000027e-01 2.960144883444565494e+03
1.320000000000000062e-01 2.960407533901328407e+03
1.360000000000000098e-01 2.960613385983398530e+03
1.400000000000000133e-01 2.973778534320211747e+03
1.440000000000000169e-01 2.995476685405417811e+03
1.480000000000000204e-01 2.996029256707803142e+03
1.520000000000000240e-01 2.995552228044739877e+03
1.560000000000000275e-01 2.983401931889987736e+03
1.600000000000000311e-01 2.979403200733696394e+03
1.640000000000000346e-01 2.979346301993731686e+03
1.680000000000000382e-01 2.978808040316050210e+03
1.720000000000000417e-01 2.975576561859740195e+03
1.760000000000000453e-01 2.975347611588550990e+03
1.800000000000000488e-01 2.975391947670072568e+03
1.840000000000000524e-01 2.978047525818730264e+03
1.880000000000000560e-01 2.981259652731981532e+03
1.920000000000000595e-01 2.981325358008357853e+03
1.960000000000000631e-01 2.981042402245137964e+03
2.000000000000000666e-01 2.975532065517877982e+03
2.040000000000000702e-01 2.974212400981125484e+03
2.080000000000000737e-01 2.974175427012245109e+03
2.120000000000000773e-01 2.972364592882031957e+03
2.160000000000000808e-01 2.964520102009518723e+03
2.200000000000000844e-01 2.964107483762645643e+03
2.240000000000000879e-01 2.964511139877941332e+03
2.280000000000000915e-01 2.983920541975913238e+03
2.320000000000000950e-01 3.000422071020714611e+03
2.359999999999999876e-01 3.000675028785136419e+03
2.399999999999999911e-01 2.996676074063176657e+03
2.439999999999999947e-01 2.939869946742250704e+03
2.479999999999999982e-01 2.930337572177918901e+03
2.520000000000000018e-01 2.930295037011567729e+03
2.560000000000000053e-01 2.935290598704061722e+03
2.600000000000000089e-01 2.950174189934090009e+03
2.640000000000000124e-01 2.950756908200275120e+03
2.680000000000000160e-01 2.950843660569218173e+03
2.720000000000000195e-01 2.953879283496313747e+03
2.760000000000000231e-01 2.955616399778366940e+03
2.800000000000000266e-01 2.955642622099501750e+03
2.840000000000000302e-01 2.955643209878352536e+03
2.880000000000000338e-01 2.955646480151344804e+03
2.920000000000000373e-01 2.955646830533539287e+03
2.960000000000000409e-01 2.955644646225643555e+03
3.000000000000000444e-01 2.955493833098024879e+03
3.040000000000000480e-01 2.955199476023820353e+03
3.080000000000000515e-01 2.955191669156984062e+03
3.120000000000000551e-01 2.955256899867671109e+03
3.160000000000000586e-01 2.957053484025943362e+03
3.200000000000000622e-01 2.957716473490296721e+03
3.240000000000000657e-01 2.957712062377554503e+03
3.280000000000000693e-01 2.956526955950539559e+03
3.320000000000000728e-01 2.948969270677265740e+03
3.360000000000000764e-01 2.948403399184042883e+03
3.400000000000000799e-01 2.948491480265329301e+03
3.440000000000000835e-01 2.953851736704544692e+03
3.480000000000000870e-01 2.960384787165510261e+03
3.520000000000000906e-01 2.960525185770350618e+03
3.560000000000000941e-01 2.960564000080033566e+03
3.599999999999999867e-01 2.961263494156032266e+03
3.639999999999999902e-01 2.961423443517241139e+03
3.679999999999999938e-01 2.961426508851839117e+03
3.719999999999999973e-01 2.961525181017243540e+03
3.760000000000000009e-01 2.961911812470765653e+03
3.800000000000000044e-01 2.961930504091339571e+03
3.840000000000000080e-01 2.961913080012471255e+03
3.880000000000000115e-01 2.961147482307034352e+03
3.920000000000000151e-01 2.960591872771964063e+03
3.960000000000000187e-01 2.960583187537908088e+03
4.000000000000000222e-01 2.960634493694110915e+03
4.040000000000000258e-01 2.961236986671011891e+03
4.080000000000000293e-01 2.961319378687257995e+03
4.120000000000000329e-01 2.961318788677875546e+03
4.160000000000000364e-01 2.961211130386130662e+03
4.200000000000000400e-01 2.960965944610899442e+03
4.240000000000000435e-01 2.960958092576094714e+03
4.280000000000000471e-01 2.960957013285003995e+03
4.320000000000000506e-01 2.960927052643247862e+03
4.360000000000000542e-01 2.960914683171841261e+03
4.400000000000000577e-01 2.960914539034788049e+03
4.440000000000000613e-01 2.960916670264715776e+03
4.480000000000000648e-01 2.960931221848516543e+03
4.520000000000000684e-01 2.960932391638030367e+03
4.560000000000000719e-01 2.960933154160604317e+03
4.600000000000000755e-01 2.960976552545173945e+03
4.640000000000000790e-01 2.961030965881095199e+03
4.680000000000000826e-01 2.961032378315780079e+03
4.720000000000000862e-01 2.961054978102832592e+03
4.760000000000000897e-01 2.961471779404203062e+03
4.800000000000000933e-01 2.961565792413386134e+03
4.840000000000000968e-01 2.961572463604075438e+03
4.880000000000001004e-01 2.962030622772193055e+03
4.920000000000001039e-01 2.963727355206876382e+03
4.960000000000001075e-01 2.963805706714316329e+03
5.000000000000001110e-01 2.963741659535432063e+03
5.040000000000001146e-01 2.961090825271309768e+03
5.080000000000001181e-01 2.959352077849888246e+03
5.120000000000001217e-01 2.959324414066660665e+03
5.160000000000001252e-01 2.959323995892064886e+03
5.200000000000001288e-01 2.959322454293006103e+03
5.240000000000001323e-01 2.959322270628876595e+03
5.280000000000001359e-01 2.959322267332626780e+03
5.320000000000001394e-01 2.959322176627914814e+03
5.360000000000001430e-01 2.959322005536119377e+03
5.400000000000001465e-01 2.959322000884890713e+03
5.440000000000001501e-01 2.959322015998775441e+03
5.480000000000001537e-01 2.959322396502399897e+03
5.520000000000001572e-01 2.959322521828797107e+03
5.559999999999999387e-01 2.959322590474805111e+03
5.599999999999999423e-01 2.959328475162905761e+03
5.639999999999999458e-01 2.959359215593828594e+03
5.679999999999999494e-01 2.959361137998493632e+03
5.719999999999999529e-01 2.959361147353571596e+03
5.759999999999999565e-01 2.959360646670437745e+03
5.799999999999999600e-01 2.959360192040395759e+03
5.839999999999999636e-01 2.959360165238796071e+03
5.879999999999999671e-01 2.959358367612538586e+03
5.919999999999999707e-01 2.959334245052483766e+03
5.959999999999999742e-01 2.959330436086921964e+03
5.999999999999999778e-01 2.959330393874986385e+03
6.039999999999999813e-01 2.959330390442983116e+03
6.079999999999999849e-01 2.959330383038358377e+03
6.119999999999999885e-01 2.959330387269225866e+03
6.159999999999999920e-01 2.959330841505746321e+03
6.199999999999999956e-01 2.959344468218814200e+03
6.239999999999999991e-01 2.959350120592729581e+03
6.280000000000000027e-01 2.959350276858138386e+03
6.320000000000000062e-01 2.959357477680161537e+03
6.360000000000000098e-01 2.959403455435205615e+03
6.400000000000000133e-01 2.959406900214256893e+03
6.440000000000000169e-01 2.959406133890706315e+03
6.480000000000000204e-01 2.959362801591259540e+03
6.520000000000000240e-01 2.959315751582013036e+03
6.560000000000000275e-01 2.959314785150902480e+03
6.600000000000000311e-01 2.959312841969638612e+03
6.640000000000000346e-01 2.959283236964165098e+03
6.680000000000000382e-01 2.959277838509555750e+03
6.720000000000000417e-01 2.959277769678823915e+03
6.760000000000000453e-01 2.959277171864163847e+03
6.800000000000000488e-01 2.959275516267146031e+03
6.840000000000000524e-01 2.959275408135388716e+03
6.880000000000000560e-01 2.959270643875798214e+03
6.920000000000000595e-01 2.959118228831299803e+03
6.960000000000000631e-01 2.959049095410314749e+03
7.000000000000000666e-01 2.959047880806000649e+03
7.040000000000000702e-01 2.959024996389742228e+03
7.080000000000000737e-01 2.958870327593747788e+03
7.120000000000000773e-01 2.958858073497870919e+03
7.160000000000000808e-01 2.958857735662397772e+03
7.200000000000000844e-01 2.958846139003133885e+03
7.240000000000000879e-01 2.958833169040421581e+03
7.280000000000000915e-01 2.958832694234522023e+03
7.320000000000000950e-01 2.958812088018475606e+03
7.360000000000000986e-01 2.958496964104759172e+03
7.400000000000001021e-01 2.958439551651224065e+03
7.440000000000001057e-01 2.958438271920165334e+03
7.480000000000001092e-01 2.958390301555639780e+03
7.520000000000001128e-01 2.958261478898337373e+03
7.560000000000001164e-01 2.958255973662471661e+03
7.600000000000001199e-01 2.958169415272860078e+03
7.640000000000001235e-01 2.955522297306729797e+03
7.680000000000001270e-01 2.954394254235599874e+03
7.720000000000001306e-01 2.954389171693617754e+03
7.760000000000001341e-01 2.955319917224291657e+03
7.800000000000001377e-01 2.961074541870106714e+03
7.840000000000001412e-01 2.961494106839569213e+03
7.880000000000001448e-01 2.961522826903958048e+03
7.920000000000001483e-01 2.962781020544810417e+03
7.960000000000001519e-01 2.964022465141270914e+03
8.000000000000001554e-01 2.964045511547008118e+03
8.040000000000001590e-01 2.963975126777104833e+03
8.079999999999999405e-01 2.963034047246695991e+03
8.119999999999999440e-01 2.962886448039505922e+03
8.159999999999999476e-01 2.962873375614237830e+03
8.199999999999999512e-01 2.962049806465084203e+03
8.239999999999999547e-01 2.960215111101386356e+03
8.279999999999999583e-01 2.960157277631001307e+03
8.319999999999999618e-01 2.960150095437285472e+03
8.359999999999999654e-01 2.959978257985695564e+03
8.399999999999999689e-01 2.959919386742265488e+03
8.439999999999999725e-01 2.959918701972674171e+03
8.479999999999999760e-01 2.959924964008643656e+03
8.519999999999999796e-01 2.959955346135818672e+03
8.559999999999999831e-01 2.959957143389971861e+03
8.599999999999999867e-01 2.959959129800975006e+03
8.639999999999999902e-01 2.960045833974291781e+03
8.679999999999999938e-01 2.960110187648172541e+03
8.719999999999999973e-01 2.960111454338155909e+03
8.760000000000000009e-01 2.960129411974968207e+03
8.800000000000000044e-01 2.960308887951970974e+03
8.840000000000000080e-01 2.960329726763182862e+03
8.880000000000000115e-01 2.960329964888641371e+03
8.920000000000000151e-01 2.960330973991600331e+03
8.960000000000000187e-01 2.960332557017833551e+03
9.000000000000000222e-01 2.960332596582641145e+03
9.040000000000000258e-01 2.960332606859623411e+03
9.080000000000000293e-01 2.960332796125612276e+03
9.120000000000000329e-01 2.960332839128831438e+03
9.160000000000000364e-01 2.960332682447768093e+03
9.200000000000000400e-01 2.960320149725499505e+03
9.240000000000000435e-01 2.960279716417525833e+03
9.280000000000000471e-01 2.960278043547369634e+03
9.320000000000000506e-01 2.960279087214315950e+03
9.360000000000000542e-01 2.960314095488213752e+03
9.400000000000000577e-01 2.960330696804509898e+03
9.440000000000000613e-01 2.960330922295931941e+03
9.480000000000000648e-01 2.960330090278988791e+03
9.520000000000000684e-01 2.960324788737215840e+03
9.560000000000000719e-01 2.960324392442783846e+03
9.600000000000000755e-01 2.960324389063384388e+03
9.640000000000000790e-01 2.960324423660003959e+03
9.680000000000000826e-01 2.960324457920160512e+03
9.720000000000000862e-01 2.960324642850808232e+03
9.760000000000000897e-01 2.960342433970620277e+03
9.800000000000000933e-01 2.960553492939097850e+03
9.840000000000000968e-01 2.960582735555691670e+03
9.880000000000001004e-01 2.960584292701400045e+03
9.920000000000001039e-01 2.960667407305176766e+03
9.960000000000001075e-01 2.960817644133987415e+03
1.000000000000000000e+00 2.960821718353749930e+03
