# # hall conductivity
-5.999999999999999778e-01 1.033803163720577789e+00
-5.959999999999999742e-01 1.025354126290315415e+00
-5.919999999999999707e-01 8.245937735269001090e-01
-5.879999999999999671e-01 7.630872860393720369e-01
-5.839999999999999636e-01 7.619895784285403151e-01
-5.799999999999999600e-01 7.320892990837915004e-01
-5.759999999999999565e-01 5.314139325696587424e-01
-5.719999999999999529e-01 5.156224621978066081e-01
-5.679999999999999494e-01 5.152821913023959421e-01
-5.639999999999999458e-01 5.037883625762074047e-01
-5.599999999999999423e-01 4.849083685872843663e-01
-5.559999999999999387e-01 4.844816032831671948e-01
-5.519999999999999352e-01 4.902677931538516609e-01
-5.479999999999999316e-01 6.567171964394392658e-01
-5.439999999999999281e-01 7.218634551468089411e-01
-5.400000000000000355e-01 7.231011041854555899e-01
-5.360000000000000320e-01 7.576215993579951125e-01
-5.320000000000000284e-01 1.048149344188323839e+00
-5.280000000000000249e-01 1.076563542121617978e+00
-5.240000000000000213e-01 1.077628553012988322e+00
-5.200000000000000178e-01 1.131538082265622913e+00
-5.160000000000000142e-01 1.243047778534766667e+00
-5.120000000000000107e-01 1.246324248696237591e+00
-5.080000000000000071e-01 1.240638200365048238e+00
-5.040000000000000036e-01 1.047966473123707054e+00
-5.000000000000000000e-01 9.538864718979332968e-01
-4.959999999999999964e-01 9.518461130239508350e-01
-4.919999999999999929e-01 8.853294205764549174e-01
-4.879999999999999893e-01 2.025310948252312671e-01
-4.839999999999999858e-01 1.210589624499956302e-01
-4.799999999999999822e-01 1.159357386744219454e-01
-4.759999999999999787e-01 -2.023064659242050922e-01
-4.719999999999999751e-01 -1.009541604825904271e+00
-4.679999999999999716e-01 -1.037640524693120403e+00
-4.639999999999999680e-01 -1.054867150499044781e+00
-4.599999999999999645e-01 -1.705752122717542729e+00
-4.559999999999999609e-01 -2.092293900915459304e+00
-4.519999999999999574e-01 -2.098582328049787726e+00
-4.479999999999999538e-01 -2.134701320359356114e+00
-4.439999999999999503e-01 -2.573773182366604573e+00
-4.399999999999999467e-01 -2.636264185190712706e+00
-4.359999999999999432e-01 -2.636392864829640192e+00
-4.319999999999999396e-01 -2.592933808696054054e+00
-4.279999999999999361e-01 -2.461390391689218138e+00
-4.239999999999999880e-01 -2.456083363093750638e+00
-4.199999999999999845e-01 -2.445804247765950290e+00
-4.159999999999999809e-01 -2.009527291131674165e+00
-4.119999999999999774e-01 -1.702730585862463286e+00
-4.079999999999999738e-01 -1.697161840423538903e+00
-4.039999999999999702e-01 -1.643736657641460042e+00
-3.999999999999999667e-01 -8.943649829559220388e-01
-3.959999999999999631e-01 -7.700946865600880598e-01
-3.919999999999999596e-01 -7.670058294759209971e-01
-3.880000000000000115e-01 -6.284930008229616671e-01
-3.840000000000000080e-01 -1.423763047565362594e-01
-3.800000000000000044e-01 -1.207075207142114526e-01
-3.760000000000000009e-01 -1.192413335763944093e-01
-3.719999999999999973e-01 -6.134974444486365058e-02
-3.679999999999999938e-01 -1.448550970244498991e-02
-3.639999999999999902e-01 -1.387433624406659433e-02
-3.599999999999999867e-01 -3.402655295877785036e-02
-3.559999999999999831e-01 -3.514274207127162652e-01
-3.519999999999999796e-01 -4.111578001961659345e-01
-3.479999999999999760e-01 -4.133386012458392100e-01
-3.439999999999999725e-01 -5.386220844431383048e-01
-3.399999999999999689e-01 -1.033952638846548977e+00
-3.359999999999999654e-01 -1.058361244301188497e+00
-3.319999999999999618e-01 -1.064995655745241132e+00
-3.279999999999999583e-01 -1.379647319014942086e+00
-3.239999999999999547e-01 -1.664445056649004995e+00
-3.199999999999999512e-01 -1.669871558941202982e+00
-3.159999999999999476e-01 -1.689830427602013296e+00
-3.119999999999999440e-01 -2.031773622535299140e+00
-3.079999999999999960e-01 -2.102757478354650988e+00
-3.039999999999999925e-01 -2.104207570959536255e+00
-2.999999999999999889e-01 -2.157701033144092229e+00
-2.959999999999999853e-01 -2.388919997963716568e+00
-2.919999999999999818e-01 -2.401204165343327368e+00
-2.879999999999999782e-01 -2.404166507836758448e+00
-2.839999999999999747e-01 -2.550037837638972515e+00
-2.799999999999999711e-01 -2.693225626522664395e+00
-2.759999999999999676e-01 -2.696126422037983694e+00
-2.719999999999999640e-01 -2.712650186851066181e+00
-2.679999999999999605e-01 -3.013460978707424243e+00
-2.639999999999999569e-01 -3.080352293666984931e+00
-2.599999999999999534e-01 -3.082052741423186415e+00
-2.559999999999999498e-01 -3.160851892063616830e+00
-2.519999999999999463e-01 -3.522038665990258277e+00
-2.479999999999999982e-01 -3.542215643233916023e+00
-2.439999999999999947e-01 -3.546502030451781362e+00
-2.399999999999999911e-01 -3.761655949749961536e+00
-2.359999999999999876e-01 -3.983588406983210373e+00
-2.319999999999999840e-01 -3.988077446197398679e+00
-2.279999999999999805e-01 -4.002212694065556242e+00
-2.239999999999999769e-01 -4.267677405112563882e+00
-2.199999999999999734e-01 -4.328981137315251360e+00
-2.159999999999999698e-01 -4.330105085476635196e+00
-2.119999999999999662e-01 -4.364770990804960782e+00
-2.079999999999999627e-01 -4.528030889207401266e+00
-2.039999999999999591e-01 -4.537359230532190146e+00
-1.999999999999999556e-01 -4.538308395949384177e+00
-1.959999999999999520e-01 -4.583746868058323543e+00
-1.919999999999999485e-01 -4.631420059751684803e+00
-1.879999999999999449e-01 -4.632368485726033214e+00
-1.839999999999999414e-01 -4.633003342439245387e+00
-1.799999999999999933e-01 -4.644847408582394088e+00
-1.759999999999999898e-01 -4.647597444239960573e+00
-1.719999999999999862e-01 -4.647554710273579914e+00
-1.679999999999999827e-01 -4.641079673603861977e+00
-1.639999999999999791e-01 -4.610734561751637983e+00
-1.599999999999999756e-01 -4.609005118577573334e+00
-1.559999999999999720e-01 -4.608484342650309706e+00
-1.519999999999999685e-01 -4.581956631060895901e+00
-1.479999999999999649e-01 -4.554583260181498616e+00
-1.439999999999999614e-01 -4.554048188285387155e+00
-1.399999999999999578e-01 -4.554165146492218597e+00
-1.359999999999999543e-01 -4.556424309656868843e+00
-1.319999999999999507e-01 -4.556937859696332360e+00
-1.279999999999999472e-01 -4.557257036087532853e+00
-1.239999999999999436e-01 -4.584049334338535786e+00
-1.199999999999999956e-01 -4.704854736824469974e+00
-1.159999999999999920e-01 -4.711527587252869687e+00
-1.119999999999999885e-01 -4.715002236804658686e+00
-1.079999999999999849e-01 -4.889966298004090994e+00
-1.039999999999999813e-01 -5.061473799560817000e+00
-9.999999999999997780e-02 -5.064964907952245632e+00
-9.599999999999997424e-02 -5.086586580275406000e+00
-9.199999999999997069e-02 -5.465121353558529016e+00
-8.799999999999996714e-02 -5.545574052878617266e+00
-8.399999999999996358e-02 -5.547412368571479568e+00
-7.999999999999996003e-02 -5.623791834021097280e+00
-7.599999999999995648e-02 -5.943845222429922970e+00
-7.199999999999995293e-02 -5.960377928902945044e+00
-6.799999999999994937e-02 -5.961605210691811152e+00
-6.399999999999994582e-02 -6.013656482924769620e+00
-5.999999999999994227e-02 -6.060419094127560413e+00
-5.599999999999993872e-02 -6.061082208650773850e+00
-5.199999999999993516e-02 -6.042183202948073983e+00
-4.799999999999993161e-02 -5.737622512762492022e+00
-4.399999999999992806e-02 -5.678815401319138090e+00
-3.999999999999992450e-02 -5.676024060974116381e+00
-3.599999999999992095e-02 -5.501042335637494674e+00
-3.199999999999991740e-02 -4.843556225810403681e+00
-2.799999999999991385e-02 -4.812444887399620619e+00
-2.399999999999991029e-02 -4.798235056674234222e+00
-2.000000000000001776e-02 -4.161728736733240730e+00
-1.600000000000001421e-02 -3.656496041117094808e+00
-1.200000000000001066e-02 -3.647102506244978226e+00
-8.000000000000007105e-03 -3.580962530587266102e+00
-4.000000000000003553e-03 -2.636004336870448217e+00
0.000000000000000000e+00 -2.476052710418301217e+00
4.000000000000003553e-03 -2.471685579794328458e+00
8.000000000000007105e-03 -2.265776577046871409e+00
1.200000000000001066e-02 -1.597530226808326459e+00
1.600000000000001421e-02 -1.569512686451032923e+00
2.000000000000001776e-02 -1.562640581464287193e+00
2.400000000000002132e-02 -1.288183883591695222e+00
2.800000000000002487e-02 -1.102855077031091202e+00
3.200000000000002842e-02 -1.099860411702373364e+00
3.600000000000003197e-02 -1.098744907576533647e+00
4.000000000000003553e-02 -1.085435950121459880e+00
4.400000000000003908e-02 -1.083540439160187052e+00
4.800000000000004263e-02 -1.084638991635536343e+00
5.200000000000004619e-02 -1.169865819958554098e+00
5.600000000000004974e-02 -1.399699232565215112e+00
6.000000000000005329e-02 -1.408105759998542039e+00
6.400000000000005684e-02 -1.416394813795756935e+00
6.800000000000006040e-02 -1.717087713103973234e+00
7.200000000000006395e-02 -1.883285839005563345e+00
7.600000000000006750e-02 -1.886129527855524124e+00
8.000000000000007105e-02 -1.921083985019030216e+00
8.400000000000007461e-02 -2.273278802800489551e+00
8.800000000000007816e-02 -2.314523414112828803e+00
9.200000000000008171e-02 -2.315920379524750050e+00
9.600000000000008527e-02 -2.384039055913044436e+00
1.000000000000000888e-01 -2.530646316471754531e+00
1.039999999999999813e-01 -2.535137114224915944e+00
1.079999999999999849e-01 -2.533743336506182331e+00
1.119999999999999885e-01 -2.489084928890679116e+00
1.159999999999999920e-01 -2.469655283590709960e+00
1.199999999999999956e-01 -2.469030693015594746e+00
1.239999999999999991e-01 -2.435818225602618181e+00
1.280000000000000027e-01 -2.171521895183719408e+00
1.320000000000000062e-01 -2.147033353667148869e+00
1.360000000000000098e-01 -2.144205214900026135e+00
1.400000000000000133e-01 -1.977461008666173914e+00
1.440000000000000169e-01 -1.702643224552913503e+00
1.480000000000000204e-01 -1.695469428381433552e+00
1.520000000000000240e-01 -1.683862897664138991e+00
1.560000000000000275e-01 -1.393319749809430075e+00
1.600000000000000311e-01 -1.297699645730285845e+00
1.640000000000000346e-01 -1.296201225328498241e+00
1.680000000000000382e-01 -1.270971960789909927e+00
1.720000000000000417e-01 -1.119438992277678180e+00
1.760000000000000453e-01 -1.108688208177767587e+00
1.800000000000000488e-01 -1.109256919321397028e+00
1.840000000000000524e-01 -1.147868591911057390e+00
1.880000000000000560e-01 -1.194574799721651370e+00
1.920000000000000595e-01 -1.195690479263418426e+00
1.960000000000000631e-01 -1.207538332426912664e+00
2.000000000000000666e-01 -1.437533339391029674e+00
2.040000000000000702e-01 -1.492612958875623841e+00
2.080000000000000737e-01 -1.493995325791088291e+00
2.120000000000000773e-01 -1.555916720307952694e+00
2.160000000000000808e-01 -1.824155282272069245e+00
2.200000000000000844e-01 -1.838423327341534685e+00
2.240000000000000879e-01 -1.840912554957526481e+00
2.280000000000000915e-01 -1.952556771499376564e+00
2.320000000000000950e-01 -2.047475395954907018e+00
2.359999999999999876e-01 -2.049144777827252906e+00
2.399999999999999911e-01 -2.047104711778195085e+00
2.439999999999999947e-01 -2.017912619341252434e+00
2.479999999999999982e-01 -2.013005458781579549e+00
2.520000000000000018e-01 -2.012098342291839703e+00
2.560000000000000053e-01 -1.945469511540688146e+00
2.600000000000000089e-01 -1.746999818113109670e+00
2.640000000000000124e-01 -1.739176166785003641e+00
2.680000000000000160e-01 -1.732588717125249866e+00
2.720000000000000195e-01 -1.488533046212304312e+00
2.760000000000000231e-01 -1.348868667208799943e+00
2.800000000000000266e-01 -1.346453765312538131e+00
2.840000000000000302e-01 -1.317289647783239870e+00
2.880000000000000338e-01 -1.031830365383532122e+00
2.920000000000000373e-01 -9.993670584199627616e-01
2.960000000000000409e-01 -9.981765394831013660e-01
3.000000000000000444e-01 -9.399327712690748182e-01
3.040000000000000480e-01 -8.262567997217481475e-01
3.080000000000000515e-01 -8.230006300751598891e-01
3.120000000000000551e-01 -8.238075558917019592e-01
3.160000000000000586e-01 -8.468855497722898029e-01
3.200000000000000622e-01 -8.554062005471156915e-01
3.240000000000000657e-01 -8.557780864324064929e-01
3.280000000000000693e-01 -8.792984906310946647e-01
3.320000000000000728e-01 -1.029276104449048157e+00
3.360000000000000764e-01 -1.040540832654244463e+00
3.400000000000000799e-01 -1.042434660077594444e+00
3.440000000000000835e-01 -1.143948574941967111e+00
3.480000000000000870e-01 -1.267671147689326983e+00
3.520000000000000906e-01 -1.270394664996599587e+00
3.560000000000000941e-01 -1.277555784704322628e+00
3.599999999999999867e-01 -1.410831560842612520e+00
3.639999999999999902e-01 -1.441306577727398786e+00
3.679999999999999938e-01 -1.441797567017405912e+00
3.719999999999999973e-01 -1.452850954352170598e+00
3.760000000000000009e-01 -1.496156459597554944e+00
3.800000000000000044e-01 -1.498261957179716219e+00
3.840000000000000080e-01 -1.497529247080428672e+00
3.880000000000000115e-01 -1.464760144457772473e+00
3.920000000000000151e-01 -1.440977724925746717e+00
3.960000000000000187e-01 -1.440487247137662408e+00
4.000000000000000222e-01 -1.431234004074051658e+00
4.040000000000000258e-01 -1.322806127020105693e+00
4.080000000000000293e-01 -1.307969584336156510e+00
4.120000000000000329e-01 -1.307159644782400987e+00
4.160000000000000364e-01 -1.260137469500357765e+00
4.200000000000000400e-01 -1.153058895287345509e+00
4.240000000000000435e-01 -1.149600848282027687e+00
4.280000000000000471e-01 -1.146203088229091449e+00
4.320000000000000506e-01 -1.045618769476536425e+00
4.360000000000000542e-01 -1.004088696208208287e+00
4.400000000000000577e-01 -1.003373937662954907e+00
4.440000000000000613e-01 -9.894701310525716442e-01
4.480000000000000648e-01 -8.946474134766770892e-01
4.520000000000000684e-01 -8.870659155314729594e-01
4.560000000000000719e-01 -8.863425819824219953e-01
4.600000000000000755e-01 -8.490355831605579384e-01
4.640000000000000790e-01 -8.022621184704854524e-01
4.680000000000000826e-01 -8.012175074635845551e-01
4.720000000000000862e-01 -7.986277654203906007e-01
4.760000000000000897e-01 -7.510248134348775917e-01
4.800000000000000933e-01 -7.402927097276854607e-01
4.840000000000000968e-01 -7.400618366284377192e-01
4.880000000000001004e-01 -7.314189874394629864e-01
4.920000000000001039e-01 -6.994149312887038006e-01
4.960000000000001075e-01 -6.979214622907038423e-01
5.000000000000001110e-01 -6.975352690518979992e-01
5.040000000000001146e-01 -6.823545506684851603e-01
5.080000000000001181e-01 -6.723972025002424857e-01
5.120000000000001217e-01 -6.722322677987836448e-01
5.160000000000001252e-01 -6.716088388891815475e-01
5.200000000000001288e-01 -6.652210045166006003e-01
5.240000000000001323e-01 -6.644594579413375390e-01
5.280000000000001359e-01 -6.645145901845591618e-01
5.320000000000001394e-01 -6.688249595252684365e-01
5.360000000000001430e-01 -6.769573957478999260e-01
5.400000000000001465e-01 -6.771955388738497561e-01
5.440000000000001501e-01 -6.781951639553429612e-01
5.480000000000001537e-01 -7.032267441034378841e-01
5.520000000000001572e-01 -7.114297914933928046e-01
5.559999999999999387e-01 -7.116262047923780365e-01
5.599999999999999423e-01 -7.197107625496507177e-01
5.639999999999999458e-01 -7.619377836496110667e-01
5.679999999999999494e-01 -7.645851666412007974e-01
5.719999999999999529e-01 -7.652805224977264897e-01
5.759999999999999565e-01 -7.982415200973710379e-01
5.799999999999999600e-01 -8.281481554898276753e-01
5.839999999999999636e-01 -8.287371177030101732e-01
5.879999999999999671e-01 -8.326011121346148514e-01
5.919999999999999707e-01 -8.843832299491370952e-01
5.959999999999999742e-01 -8.925615589980582243e-01
5.999999999999999778e-01 -8.928499899104801463e-01
6.039999999999999813e-01 -9.075325017267353855e-01
6.079999999999999849e-01 -9.436576216040916121e-01
6.119999999999999885e-01 -9.448871320418669173e-01
6.159999999999999920e-01 -9.456346606845759117e-01
6.199999999999999956e-01 -9.676978494724397528e-01
6.239999999999999991e-01 -9.768485183370388958e-01
6.280000000000000027e-01 -9.769854353054723273e-01
6.320000000000000062e-01 -9.781466754537533337e-01
6.360000000000000098e-01 -9.855543846899667004e-01
6.400000000000000133e-01 -9.861098088815644092e-01
6.440000000000000169e-01 -9.860294611791631247e-01
6.480000000000000204e-01 -9.813783210310643712e-01
6.520000000000000240e-01 -9.763280386485071460e-01
6.560000000000000275e-01 -9.762163170650812738e-01
6.600000000000000311e-01 -9.752228829906719465e-01
6.640000000000000346e-01 -9.600305978967218490e-01
6.680000000000000382e-01 -9.572598507298452075e-01
6.720000000000000417e-01 -9.571792664426505004e-01
6.760000000000000453e-01 -9.534006811982533858e-01
6.800000000000000488e-01 -9.429295419962567815e-01
6.840000000000000524e-01 -9.425426679242092654e-01
6.880000000000000560e-01 -9.425800328612331525e-01
6.920000000000000595e-01 -9.438982257672782206e-01
6.960000000000000631e-01 -9.444964428882970386e-01
7.000000000000000666e-01 -9.445367107060324008e-01
7.040000000000000702e-01 -9.474465439440451497e-01
7.080000000000000737e-01 -9.671207119549182218e-01
7.120000000000000773e-01 -9.686825258008896489e-01
7.160000000000000808e-01 -9.690413334229178721e-01
7.200000000000000844e-01 -9.878320213879282496e-01
7.240000000000000879e-01 -1.008846919962202993e+00
7.280000000000000915e-01 -1.009297275589515985e+00
7.320000000000000950e-01 -1.011340343471731407e+00
7.360000000000000986e-01 -1.042524218447672180e+00
7.400000000000001021e-01 -1.048205394586934069e+00
7.440000000000001057e-01 -1.048310262464540177e+00
7.480000000000001092e-01 -1.051401572586237565e+00
7.520000000000001128e-01 -1.059701994262137070e+00
7.560000000000001164e-01 -1.059992909025156971e+00
7.600000000000001199e-01 -1.059098502471063963e+00
7.640000000000001235e-01 -1.031640568825076709e+00
7.680000000000001270e-01 -1.019937110643720057e+00
7.720000000000001306e-01 -1.019622479281078853e+00
7.760000000000001341e-01 -1.005700199918415416e+00
7.800000000000001377e-01 -9.196445930719998607e-01
7.840000000000001412e-01 -9.133580438203873220e-01
7.880000000000001448e-01 -9.116633222688620419e-01
7.920000000000001483e-01 -8.276663686553902277e-01
7.960000000000001519e-01 -7.447837429895348693e-01
8.000000000000001554e-01 -7.430631346722204045e-01
8.040000000000001590e-01 -7.300432502418268133e-01
8.079999999999999405e-01 -5.567365655546229197e-01
8.119999999999999440e-01 -5.295663466727070778e-01
8.159999999999999476e-01 -5.283148285932860455e-01
8.199999999999999512e-01 -4.598493823904896138e-01
8.239999999999999547e-01 -3.073294214266348856e-01
8.279999999999999583e-01 -3.024696924044738555e-01
8.319999999999999618e-01 -2.966304578525285618e-01
8.359999999999999654e-01 -1.461356325967251013e-01
8.399999999999999689e-01 -9.457120980078867478e-02
8.439999999999999725e-01 -9.358902612012225120e-02
8.479999999999999760e-01 -6.593292947355339217e-02
8.519999999999999796e-01 6.806077943206413627e-02
8.559999999999999831e-01 7.591826579211513604e-02
8.599999999999999867e-01 7.762092370762742333e-02
8.639999999999999902e-01 1.491264567587824996e-01
8.679999999999999938e-01 2.021982128755235308e-01
8.719999999999999973e-01 2.031687825415338933e-01
8.760000000000000009e-01 2.109323188627638401e-01
8.800000000000000044e-01 2.884832902659455467e-01
8.840000000000000080e-01 2.974920929938248415e-01
8.880000000000000115e-01 2.980518498370737235e-01
8.920000000000000151e-01 3.275580631641952789e-01
8.960000000000000187e-01 3.739426235776941998e-01
9.000000000000000222e-01 3.751280929071282855e-01
9.040000000000000258e-01 3.780329135848317090e-01
9.080000000000000293e-01 4.334047435544101656e-01
9.120000000000000329e-01 4.464315054291276841e-01
9.160000000000000364e-01 4.467740429063670193e-01
9.200000000000000400e-01 4.618098773062444540e-01
9.240000000000000435e-01 5.103141818620098302e-01
9.280000000000000471e-01 5.123436852396268115e-01
9.320000000000000506e-01 5.134004637190108244e-01
9.360000000000000542e-01 5.476258466545544934e-01
9.400000000000000577e-01 5.638562209324745611e-01
9.440000000000000613e-01 5.641263048508279310e-01
9.480000000000000648e-01 5.677983235245140925e-01
9.520000000000000684e-01 5.911183726584288145e-01
9.560000000000000719e-01 5.928620899016014967e-01
9.600000000000000755e-01 5.929317035475407671e-01
9.640000000000000790e-01 5.955272491251928368e-01
9.680000000000000826e-01 5.979624040792071993e-01
9.720000000000000862e-01 5.980023856629319567e-01
9.760000000000000897e-01 5.974728873035781707e-01
9.800000000000000933e-01 5.911861182338838949e-01
9.840000000000000968e-01 5.903152907895897750e-01
9.880000000000001004e-01 5.902913064819821365e-01
9.920000000000001039e-01 5.893180413045444599e-01
9.960000000000001075e-01 5.875589358104036375e-01
1.000000000000000000e+00 5.875170984637230198e-01
