-1 -27.3119 0
-0.995 -27.3288 0
-0.99 -27.3457 0
-0.985 -27.3625 0
-0.98 -27.3794 0
-0.975 -27.3963 0
-0.97 -27.4132 0
-0.965 -27.4301 0
-0.96 -27.447 0
-0.955 -27.4638 0
-0.95 -27.4807 0
-0.945 -27.4976 0
-0.94 -27.5145 0
-0.935 -27.5314 0
-0.93 -27.5483 0
-0.925 -27.5653 0
-0.92 -27.5822 0
-0.915 -27.5991 0
-0.91 -27.616 0
-0.905 -27.6329 0
-0.9 -27.6498 0
-0.895 -27.6668 0
-0.89 -27.6837 0
-0.885 -27.7006 0
-0.88 -27.7176 0
-0.875 -27.7345 0
-0.87 -27.7514 0
-0.865 -27.7684 0
-0.86 -27.7853 0
-0.855 -27.8023 0
-0.85 -27.8192 0
-0.845 -27.8362 0
-0.84 -27.8532 0
-0.835 -27.8701 0
-0.83 -27.8871 0
-0.825 -27.9041 0
-0.82 -27.921 0
-0.815 -27.938 0
-0.81 -27.955 0
-0.805 -27.972 0
-0.8 -27.9889 0
-0.795 -28.0059 0
-0.79 -28.0229 0
-0.785 -28.0399 0
-0.78 -28.0569 0
-0.775 -28.0739 0
-0.77 -28.0909 0
-0.765 -28.1079 0
-0.76 -28.1249 0
-0.755 -28.1419 0
-0.75 -28.1589 0
-0.745 -28.1759 0
-0.74 -28.193 0
-0.735 -28.21 0
-0.73 -28.227 0
-0.725 -28.244 0
-0.72 -28.2611 0
-0.715 -28.2781 0
-0.71 -28.2951 0
-0.705 -28.3122 0
-0.7 -28.3292 0
-0.695 -28.3462 0
-0.69 -28.3633 0
-0.685 -28.3803 0
-0.68 -28.3974 0
-0.675 -28.4144 0
-0.67 -28.4315 0
-0.665 -28.4486 0
-0.66 -28.4656 0
-0.655 -28.4827 0
-0.65 -28.4998 0
-0.645 -28.5168 0
-0.64 -28.5339 0
-0.635 -28.551 0
-0.63 -28.5681 0
-0.625 -28.5851 0
-0.62 -28.6022 0
-0.615 -28.6193 0
-0.61 -28.6364 0
-0.605 -28.6535 0
-0.6 -28.6706 0
-0.595 -28.6877 0
-0.59 -28.7048 0
-0.585 -28.7219 0
-0.58 -28.739 0
-0.575 -28.7561 0
-0.57 -28.7732 0
-0.565 -28.7904 0
-0.56 -28.8075 0
-0.555 -28.8246 0
-0.55 -28.8417 0
-0.545 -28.8588 0
-0.54 -28.876 0
-0.535 -28.8931 0
-0.53 -28.9102 0
-0.525 -28.9274 0
-0.52 -28.9445 0
-0.515 -28.9617 0
-0.51 -28.9788 0
-0.505 -28.996 0
-0.5 -29.0131 0
-0.495 -29.0303 0
-0.49 -29.0474 0
-0.485 -29.0646 0
-0.48 -29.0817 0
-0.475 -29.0989 0
-0.47 -29.1161 0
-0.465 -29.1332 0
-0.46 -29.1504 0
-0.455 -29.1676 0
-0.45 -29.1848 0
-0.445 -29.2019 0
-0.44 -29.2191 0
-0.435 -29.2363 0
-0.43 -29.2535 0
-0.425 -29.2707 0
-0.42 -29.2879 0
-0.415 -29.3051 0
-0.41 -29.3223 0
-0.405 -29.3395 0
-0.4 -29.3567 0
-0.395 -29.3739 0
-0.39 -29.3911 0
-0.385 -29.4083 0
-0.38 -29.4255 0
-0.375 -29.4428 0
-0.37 -29.46 0
-0.365 -29.4772 0
-0.36 -29.4944 0
-0.355 -29.5117 0
-0.35 -29.5289 0
-0.345 -29.5461 0
-0.34 -29.5634 0
-0.335 -29.5806 0
-0.33 -29.5978 0
-0.325 -29.6151 0
-0.32 -29.6323 0
-0.315 -29.6496 0
-0.31 -29.6668 0
-0.305 -29.6841 0
-0.3 -29.7013 0
-0.295 -29.7186 0
-0.29 -29.7359 0
-0.285 -29.7531 0
-0.28 -29.7704 0
-0.275 -29.7877 0
-0.27 -29.8049 0
-0.265 -29.8222 0
-0.26 -29.8395 0
-0.255 -29.8568 0
-0.25 -29.874 0
-0.245 -29.8913 0
-0.24 -29.9086 0
-0.235 -29.9259 0
-0.23 -29.9432 0
-0.225 -29.9605 0
-0.22 -29.9778 0
-0.215 -29.9951 0
-0.21 -30.0124 0
-0.205 -30.0297 0
-0.2 -30.047 0
-0.195 -30.0643 0
-0.19 -30.0816 0
-0.185 -30.0989 0
-0.18 -30.1163 0
-0.175 -30.1336 0
-0.17 -30.1509 0
-0.165 -30.1682 0
-0.16 -30.1855 0
-0.155 -30.2029 0
-0.15 -30.2202 0
-0.145 -30.2375 0
-0.14 -30.2549 0
-0.135 -30.2722 0
-0.13 -30.2896 0
-0.125 -30.3069 0
-0.12 -30.3242 0
-0.115 -30.3416 0
-0.11 -30.359 0
-0.105 -30.3763 0
-0.1 -30.3937 0
-0.095 -30.411 0
-0.09 -30.4284 0
-0.085 -30.4457 0
-0.08 -30.4631 0
-0.075 -30.4805 0
-0.07 -30.4978 0
-0.065 -30.5152 0
-0.06 -30.5326 0
-0.055 -30.55 0
-0.05 -30.5674 0
-0.045 -30.5847 0
-0.04 -30.6021 0
-0.035 -30.6195 0
-0.03 -30.6369 0
-0.025 -30.6543 0
-0.02 -30.6717 0
-0.015 -30.6891 0
-0.01 -30.7065 0
-0.005 -30.7239 0
0 -30.7413 0
0.005 -30.7587 0
0.01 -30.7761 0
0.015 -30.7935 0
0.02 -30.8109 0
0.025 -30.8283 0
0.03 -30.8458 0
0.035 -30.8632 0
0.04 -30.8806 0
0.045 -30.898 0
0.05 -30.9155 0
0.055 -30.9329 0
0.06 -30.9503 0
0.065 -30.9677 0
0.07 -30.9852 0
0.075 -31.0026 0
0.08 -31.0201 0
0.085 -31.0375 0
0.09 -31.055 0
0.095 -31.0724 0
0.1 -31.0898 0
0.105 -31.1073 0
0.11 -31.1248 0
0.115 -31.1422 0
0.12 -31.1597 0
0.125 -31.1771 0
0.13 -31.1946 0
0.135 -31.2121 0
0.14 -31.2295 0
0.145 -31.247 0
0.15 -31.2645 0
0.155 -31.2819 0
0.16 -31.2994 0
0.165 -31.3169 0
0.17 -31.3344 0
0.175 -31.3519 0
0.18 -31.3694 0
0.185 -31.3868 0
0.19 -31.4043 0
0.195 -31.4218 0
0.2 -31.4393 0
0.205 -31.4568 0
0.21 -31.4743 0
0.215 -31.4918 0
0.22 -31.5093 0
0.225 -31.5268 0
0.23 -31.5443 0
0.235 -31.5618 0
0.24 -31.5794 0
0.245 -31.5969 0
0.25 -31.6144 0
0.255 -31.6319 0
0.26 -31.6494 0
0.265 -31.667 0
0.27 -31.6845 0
0.275 -31.702 0
0.28 -31.7195 0
0.285 -31.7371 0
0.29 -31.7546 0
0.295 -31.7721 0
0.3 -31.7897 0
0.305 -31.8072 0
0.31 -31.8248 0
0.315 -31.8423 0
0.32 -31.8598 0
0.325 -31.8774 0
0.33 -31.8949 0
0.335 -31.9125 0
0.34 -31.93 0
0.345 -31.9476 0
0.35 -31.9652 0
0.355 -31.9827 0
0.36 -32.0003 0
0.365 -32.0179 0
0.37 -32.0354 0
0.375 -32.053 0
0.38 -32.0706 0
0.385 -32.0881 0
0.39 -32.1057 0
0.395 -32.1233 0
0.4 -32.1409 0
0.405 -32.1585 0
0.41 -32.176 0
0.415 -32.1936 0
0.42 -32.2112 0
0.425 -32.2288 0
0.43 -32.2464 0
0.435 -32.264 0
0.44 -32.2816 0
0.445 -32.2992 0
0.45 -32.3168 0
0.455 -32.3344 0
0.46 -32.352 0
0.465 -32.3696 0
0.47 -32.3872 0
0.475 -32.4048 0
0.48 -32.4224 0
0.485 -32.44 0
0.49 -32.4576 0
0.495 -32.4753 0
0.5 -32.4929 0
0.505 -32.5105 0
0.51 -32.5281 0
0.515 -32.5458 0
0.52 -32.5634 0
0.525 -32.581 0
0.53 -32.5986 0
0.535 -32.6163 0
0.54 -32.6339 0
0.545 -32.6516 0
0.55 -32.6692 0
0.555 -32.6868 0
0.56 -32.7045 0
0.565 -32.7221 0
0.57 -32.7398 0
0.575 -32.7574 0
0.58 -32.7751 0
0.585 -32.7927 0
0.59 -32.8104 0
0.595 -32.828 0
0.6 -32.8457 0
0.605 -32.8634 0
0.61 -32.881 0
0.615 -32.8987 0
0.62 -32.9163 0
0.625 -32.934 0
0.63 -32.9517 0
0.635 -32.9694 0
0.64 -32.987 0
0.645 -33.0047 0
0.65 -33.0224 0
0.655 -33.0401 0
0.66 -33.0577 0
0.665 -33.0754 0
0.67 -33.0931 0
0.675 -33.1108 0
0.68 -33.1285 0
0.685 -33.1462 0
0.69 -33.1639 0
0.695 -33.1816 0
0.7 -33.1993 0
0.705 -33.217 0
0.71 -33.2347 0
0.715 -33.2524 0
0.72 -33.2701 0
0.725 -33.2878 0
0.73 -33.3055 0
0.735 -33.3232 0
0.74 -33.3409 0
0.745 -33.3586 0
0.75 -33.3763 0
0.755 -33.394 0
0.76 -33.4118 0
0.765 -33.4295 0
0.77 -33.4472 0
0.775 -33.4649 0
0.78 -33.4826 0
0.785 -33.5004 0
0.79 -33.5181 0
0.795 -33.5358 0
0.8 -33.5536 0
0.805 -33.5713 0
0.81 -33.589 0
0.815 -33.6068 0
0.82 -33.6245 0
0.825 -33.6422 0
0.83 -33.66 0
0.835 -33.6777 0
0.84 -33.6955 0
0.845 -33.7132 0
0.85 -33.731 0
0.855 -33.7487 0
0.86 -33.7665 0
0.865 -33.7842 0
0.87 -33.802 0
0.875 -33.8197 0
0.88 -33.8375 0
0.885 -33.8553 0
0.89 -33.873 0
0.895 -33.8908 0
0.9 -33.9086 0
0.905 -33.9263 0
0.91 -33.9441 0
0.915 -33.9619 0
0.92 -33.9796 0
0.925 -33.9974 0
0.93 -34.0152 0
0.935 -34.033 0
0.94 -34.0507 0
0.945 -34.0685 0
0.95 -34.0863 0
0.955 -34.1041 0
0.96 -34.1219 0
0.965 -34.1397 0
0.97 -34.1575 0
0.975 -34.1752 0
0.98 -34.193 0
0.985 -34.2108 0
0.99 -34.2286 0
0.995 -34.2464 0
1 -34.2642 0
