-1 -2.33732 0
-0.993333 -2.33355 0
-0.986667 -2.32969 0
-0.98 -2.32575 0
-0.973333 -2.32173 0
-0.966667 -2.31763 0
-0.96 -2.31344 0
-0.953333 -2.30918 0
-0.946667 -2.30484 0
-0.94 -2.30041 0
-0.933333 -2.29591 0
-0.926667 -2.29133 0
-0.92 -2.28666 0
-0.913333 -2.28192 0
-0.906667 -2.2771 0
-0.9 -2.2722 0
-0.893333 -2.26723 0
-0.886667 -2.26217 0
-0.88 -2.25704 0
-0.873333 -2.25183 0
-0.866667 -2.24655 0
-0.86 -2.24119 0
-0.853333 -2.23575 0
-0.846667 -2.23024 0
-0.84 -2.22465 0
-0.833333 -2.21899 0
-0.826667 -2.21326 0
-0.82 -2.20745 0
-0.813333 -2.20156 0
-0.806667 -2.19561 0
-0.8 -2.18958 0
-0.793333 -2.18348 0
-0.786667 -2.1773 0
-0.78 -2.17106 0
-0.773333 -2.16474 0
-0.766667 -2.15835 0
-0.76 -2.1519 0
-0.753333 -2.14537 0
-0.746667 -2.13877 0
-0.74 -2.13211 0
-0.733333 -2.12537 0
-0.726667 -2.11857 0
-0.72 -2.1117 0
-0.713333 -2.10476 0
-0.706667 -2.09776 0
-0.7 -2.09069 0
-0.693333 -2.08355 0
-0.686667 -2.07635 0
-0.68 -2.06908 0
-0.673333 -2.06175 0
-0.666667 -2.05436 0
-0.66 -2.0469 0
-0.653333 -2.03938 0
-0.646667 -2.03179 0
-0.64 -2.02415 0
-0.633333 -2.01644 0
-0.626667 -2.00867 0
-0.62 -2.00084 0
-0.613333 -1.99295 0
-0.606667 -1.98501 0
-0.6 -1.977 0
-0.593333 -1.96893 0
-0.586667 -1.96081 0
-0.58 -1.95263 0
-0.573333 -1.94439 0
-0.566667 -1.9361 0
-0.56 -1.92775 0
-0.553333 -1.91934 0
-0.546667 -1.91088 0
-0.54 -1.90237 0
-0.533333 -1.8938 0
-0.526667 -1.88518 0
-0.52 -1.87651 0
-0.513333 -1.86779 0
-0.506667 -1.85901 0
-0.5 -1.85018 0
-0.493333 -1.84131 0
-0.486667 -1.83238 0
-0.48 -1.82341 0
-0.473333 -1.81438 0
-0.466667 -1.80531 0
-0.46 -1.79619 0
-0.453333 -1.78703 0
-0.446667 -1.77782 0
-0.44 -1.76856 0
-0.433333 -1.75926 0
-0.426667 -1.74991 0
-0.42 -1.74053 0
-0.413333 -1.73109 0
-0.406667 -1.72162 0
-0.4 -1.7121 0
-0.393333 -1.70255 0
-0.386667 -1.69295 0
-0.38 -1.68331 0
-0.373333 -1.67364 0
-0.366667 -1.66392 0
-0.36 -1.65417 0
-0.353333 -1.64438 0
-0.346667 -1.63455 0
-0.34 -1.62469 0
-0.333333 -1.61479 0
-0.326667 -1.60486 0
-0.32 -1.59489 0
-0.313333 -1.58489 0
-0.306667 -1.57485 0
-0.3 -1.56479 0
-0.293333 -1.55469 0
-0.286667 -1.54456 0
-0.28 -1.53441 0
-0.273333 -1.52422 0
-0.266667 -1.514 0
-0.26 -1.50376 0
-0.253333 -1.49348 0
-0.246667 -1.48319 0
-0.24 -1.47286 0
-0.233333 -1.46251 0
-0.226667 -1.45214 0
-0.22 -1.44174 0
-0.213333 -1.43131 0
-0.206667 -1.42087 0
-0.2 -1.4104 0
-0.193333 -1.39991 0
-0.186667 -1.3894 0
-0.18 -1.37887 0
-0.173333 -1.36832 0
-0.166667 -1.35776 0
-0.16 -1.34717 0
-0.153333 -1.33657 0
-0.146667 -1.32595 0
-0.14 -1.31532 0
-0.133333 -1.30466 0
-0.126667 -1.294 0
-0.12 -1.28332 0
-0.113333 -1.27263 0
-0.106667 -1.26193 0
-0.1 -1.25121 0
-0.0933333 -1.24049 0
-0.0866667 -1.22975 0
-0.08 -1.219 0
-0.0733333 -1.20825 0
-0.0666667 -1.19749 0
-0.06 -1.18672 0
-0.0533333 -1.17594 0
-0.0466667 -1.16516 0
-0.04 -1.15437 0
-0.0333333 -1.14357 0
-0.0266667 -1.13278 0
-0.02 -1.12198 0
-0.0133333 -1.11118 0
-0.00666667 -1.10037 0
0 -1.08957 0
0.00666667 -1.07876 0
0.0133333 -1.06795 0
0.02 -1.05715 0
0.0266667 -1.04635 0
0.0333333 -1.03555 0
0.04 -1.02475 0
0.0466667 -1.01396 0
0.0533333 -1.00317 0
0.06 -0.992388 0
0.0666667 -0.981611 0
0.0733333 -0.970841 0
0.08 -0.960078 0
0.0866667 -0.949324 0
0.0933333 -0.938578 0
0.1 -0.927842 0
0.106667 -0.917116 0
0.113333 -0.906401 0
0.12 -0.895697 0
0.126667 -0.885006 0
0.133333 -0.874328 0
0.14 -0.863664 0
0.146667 -0.853015 0
0.153333 -0.84238 0
0.16 -0.831761 0
0.166667 -0.821159 0
0.173333 -0.810574 0
0.18 -0.800007 0
0.186667 -0.789458 0
0.193333 -0.778929 0
0.2 -0.76842 0
0.206667 -0.757931 0
0.213333 -0.747464 0
0.22 -0.737019 0
0.226667 -0.726597 0
0.233333 -0.716198 0
0.24 -0.705823 0
0.246667 -0.695473 0
0.253333 -0.685148 0
0.26 -0.674849 0
0.266667 -0.664577 0
0.273333 -0.654333 0
0.28 -0.644117 0
0.286667 -0.633929 0
0.293333 -0.623771 0
0.3 -0.613643 0
0.306667 -0.603546 0
0.313333 -0.59348 0
0.32 -0.583447 0
0.326667 -0.573446 0
0.333333 -0.563478 0
0.34 -0.553545 0
0.346667 -0.543646 0
0.353333 -0.533783 0
0.36 -0.523955 0
0.366667 -0.514165 0
0.373333 -0.504411 0
0.38 -0.494695 0
0.386667 -0.485018 0
0.393333 -0.47538 0
0.4 -0.465782 0
0.406667 -0.456224 0
0.413333 -0.446707 0
0.42 -0.437232 0
0.426667 -0.427799 0
0.433333 -0.418409 0
0.44 -0.409063 0
0.446667 -0.39976 0
0.453333 -0.390502 0
0.46 -0.38129 0
0.466667 -0.372123 0
0.473333 -0.363003 0
0.48 -0.35393 0
0.486667 -0.344905 0
0.493333 -0.335928 0
0.5 -0.327 0
0.506667 -0.318121 0
0.513333 -0.309292 0
0.52 -0.300514 0
0.526667 -0.291786 0
0.533333 -0.283111 0
0.54 -0.274488 0
0.546667 -0.265917 0
0.553333 -0.2574 0
0.56 -0.248937 0
0.566667 -0.240529 0
0.573333 -0.232175 0
0.58 -0.223877 0
0.586667 -0.215635 0
0.593333 -0.20745 0
0.6 -0.199322 0
0.606667 -0.191252 0
0.613333 -0.18324 0
0.62 -0.175286 0
0.626667 -0.167392 0
0.633333 -0.159558 0
0.64 -0.151784 0
0.646667 -0.14407 0
0.653333 -0.136418 0
0.66 -0.128828 0
0.666667 -0.1213 0
0.673333 -0.113835 0
0.68 -0.106432 0
0.686667 -0.0990942 0
0.693333 -0.0918201 0
0.7 -0.0846106 0
0.706667 -0.0774663 0
0.713333 -0.0703876 0
0.72 -0.0633749 0
0.726667 -0.0564288 0
0.733333 -0.0495496 0
0.74 -0.0427379 0
0.746667 -0.035994 0
0.753333 -0.0293184 0
0.76 -0.0227115 0
0.766667 -0.0161738 0
0.773333 -0.00970569 0
0.78 -0.00330758 0
0.786667 0.0030201 0
0.793333 0.00927695 0
0.8 0.0154625 0
0.806667 0.0215765 0
0.813333 0.0276184 0
0.82 0.0335878 0
0.826667 0.0394844 0
0.833333 0.0453078 0
0.84 0.0510576 0
0.846667 0.0567334 0
0.853333 0.0623348 0
0.86 0.0678616 0
0.866667 0.0733132 0
0.873333 0.0786893 0
0.88 0.0839897 0
0.886667 0.0892139 0
0.893333 0.0943616 0
0.9 0.0994325 0
0.906667 0.104426 0
0.913333 0.109342 0
0.92 0.114181 0
0.926667 0.118941 0
0.933333 0.123623 0
0.94 0.128226 0
0.946667 0.132749 0
0.953333 0.137194 0
0.96 0.141558 0
0.966667 0.145843 0
0.973333 0.150048 0
0.98 0.154171 0
0.986667 0.158214 0
0.993333 0.162176 0
1 0.166057 0
