-1 -2.54896 0
-0.993333 -2.54286 0
-0.986667 -2.53662 0
-0.98 -2.53023 0
-0.973333 -2.52369 0
-0.966667 -2.51702 0
-0.96 -2.5102 0
-0.953333 -2.50324 0
-0.946667 -2.49615 0
-0.94 -2.48891 0
-0.933333 -2.48153 0
-0.926667 -2.47402 0
-0.92 -2.46636 0
-0.913333 -2.45857 0
-0.906667 -2.45064 0
-0.9 -2.44258 0
-0.893333 -2.43438 0
-0.886667 -2.42604 0
-0.88 -2.41757 0
-0.873333 -2.40897 0
-0.866667 -2.40023 0
-0.86 -2.39136 0
-0.853333 -2.38236 0
-0.846667 -2.37323 0
-0.84 -2.36397 0
-0.833333 -2.35458 0
-0.826667 -2.34506 0
-0.82 -2.33541 0
-0.813333 -2.32564 0
-0.806667 -2.31573 0
-0.8 -2.30571 0
-0.793333 -2.29555 0
-0.786667 -2.28527 0
-0.78 -2.27487 0
-0.773333 -2.26435 0
-0.766667 -2.2537 0
-0.76 -2.24294 0
-0.753333 -2.23205 0
-0.746667 -2.22104 0
-0.74 -2.20991 0
-0.733333 -2.19867 0
-0.726667 -2.18731 0
-0.72 -2.17583 0
-0.713333 -2.16423 0
-0.706667 -2.15252 0
-0.7 -2.1407 0
-0.693333 -2.12876 0
-0.686667 -2.11671 0
-0.68 -2.10455 0
-0.673333 -2.09228 0
-0.666667 -2.0799 0
-0.66 -2.06741 0
-0.653333 -2.05481 0
-0.646667 -2.04211 0
-0.64 -2.0293 0
-0.633333 -2.01638 0
-0.626667 -2.00336 0
-0.62 -1.99024 0
-0.613333 -1.97701 0
-0.606667 -1.96368 0
-0.6 -1.95025 0
-0.593333 -1.93672 0
-0.586667 -1.9231 0
-0.58 -1.90937 0
-0.573333 -1.89555 0
-0.566667 -1.88163 0
-0.56 -1.86761 0
-0.553333 -1.85351 0
-0.546667 -1.83931 0
-0.54 -1.82501 0
-0.533333 -1.81063 0
-0.526667 -1.79616 0
-0.52 -1.78159 0
-0.513333 -1.76694 0
-0.506667 -1.7522 0
-0.5 -1.73738 0
-0.493333 -1.72247 0
-0.486667 -1.70747 0
-0.48 -1.6924 0
-0.473333 -1.67724 0
-0.466667 -1.662 0
-0.46 -1.64668 0
-0.453333 -1.63128 0
-0.446667 -1.6158 0
-0.44 -1.60025 0
-0.433333 -1.58462 0
-0.426667 -1.56891 0
-0.42 -1.55313 0
-0.413333 -1.53728 0
-0.406667 -1.52136 0
-0.4 -1.50537 0
-0.393333 -1.48931 0
-0.386667 -1.47318 0
-0.38 -1.45698 0
-0.373333 -1.44071 0
-0.366667 -1.42439 0
-0.36 -1.40799 0
-0.353333 -1.39154 0
-0.346667 -1.37502 0
-0.34 -1.35844 0
-0.333333 -1.3418 0
-0.326667 -1.32511 0
-0.32 -1.30836 0
-0.313333 -1.29155 0
-0.306667 -1.27468 0
-0.3 -1.25776 0
-0.293333 -1.24079 0
-0.286667 -1.22377 0
-0.28 -1.2067 0
-0.273333 -1.18957 0
-0.266667 -1.1724 0
-0.26 -1.15519 0
-0.253333 -1.13792 0
-0.246667 -1.12061 0
-0.24 -1.10326 0
-0.233333 -1.08587 0
-0.226667 -1.06843 0
-0.22 -1.05095 0
-0.213333 -1.03344 0
-0.206667 -1.01589 0
-0.2 -0.998296 0
-0.193333 -0.98067 0
-0.186667 -0.963011 0
-0.18 -0.945318 0
-0.173333 -0.927594 0
-0.166667 -0.909838 0
-0.16 -0.892053 0
-0.153333 -0.87424 0
-0.146667 -0.856399 0
-0.14 -0.838532 0
-0.133333 -0.82064 0
-0.126667 -0.802725 0
-0.12 -0.784787 0
-0.113333 -0.766828 0
-0.106667 -0.748849 0
-0.1 -0.73085 0
-0.0933333 -0.712834 0
-0.0866667 -0.694802 0
-0.08 -0.676754 0
-0.0733333 -0.658691 0
-0.0666667 -0.640616 0
-0.06 -0.622529 0
-0.0533333 -0.604432 0
-0.0466667 -0.586325 0
-0.04 -0.56821 0
-0.0333333 -0.550088 0
-0.0266667 -0.53196 0
-0.02 -0.513828 0
-0.0133333 -0.495692 0
-0.00666667 -0.477554 0
0 -0.459415 0
0.00666667 -0.441276 0
0.0133333 -0.423139 0
0.02 -0.405004 0
0.0266667 -0.386873 0
0.0333333 -0.368748 0
0.04 -0.350628 0
0.0466667 -0.332516 0
0.0533333 -0.314412 0
0.06 -0.296318 0
0.0666667 -0.278235 0
0.0733333 -0.260165 0
0.08 -0.242108 0
0.0866667 -0.224065 0
0.0933333 -0.206038 0
0.1 -0.188028 0
0.106667 -0.170037 0
0.113333 -0.152065 0
0.12 -0.134113 0
0.126667 -0.116183 0
0.133333 -0.0982759 0
0.14 -0.080393 0
0.146667 -0.0625355 0
0.153333 -0.0447044 0
0.16 -0.0269011 0
0.166667 -0.00912656 0
0.173333 0.0086179 0
0.18 0.0263311 0
0.186667 0.044012 0
0.193333 0.0616593 0
0.2 0.0792718 0
0.206667 0.0968484 0
0.213333 0.114388 0
0.22 0.131889 0
0.226667 0.149351 0
0.233333 0.166772 0
0.24 0.184152 0
0.246667 0.201489 0
0.253333 0.218781 0
0.26 0.236029 0
0.266667 0.25323 0
0.273333 0.270383 0
0.28 0.287488 0
0.286667 0.304543 0
0.293333 0.321548 0
0.3 0.3385 0
0.306667 0.355399 0
0.313333 0.372244 0
0.32 0.389033 0
0.326667 0.405765 0
0.333333 0.42244 0
0.34 0.439057 0
0.346667 0.455613 0
0.353333 0.472108 0
0.36 0.488541 0
0.366667 0.504911 0
0.373333 0.521217 0
0.38 0.537457 0
0.386667 0.55363 0
0.393333 0.569736 0
0.4 0.585773 0
0.406667 0.601741 0
0.413333 0.617637 0
0.42 0.633462 0
0.426667 0.649213 0
0.433333 0.664891 0
0.44 0.680493 0
0.446667 0.69602 0
0.453333 0.711469 0
0.46 0.726839 0
0.466667 0.742131 0
0.473333 0.757342 0
0.48 0.772471 0
0.486667 0.787518 0
0.493333 0.802482 0
0.5 0.817361 0
0.506667 0.832155 0
0.513333 0.846862 0
0.52 0.861482 0
0.526667 0.876013 0
0.533333 0.890455 0
0.54 0.904806 0
0.546667 0.919066 0
0.553333 0.933233 0
0.56 0.947307 0
0.566667 0.961286 0
0.573333 0.97517 0
0.58 0.988957 0
0.586667 1.00265 0
0.593333 1.01624 0
0.6 1.02973 0
0.606667 1.04313 0
0.613333 1.05642 0
0.62 1.06961 0
0.626667 1.08269 0
0.633333 1.09568 0
0.64 1.10855 0
0.646667 1.12133 0
0.653333 1.13399 0
0.66 1.14655 0
0.666667 1.159 0
0.673333 1.17134 0
0.68 1.18357 0
0.686667 1.19569 0
0.693333 1.2077 0
0.7 1.2196 0
0.706667 1.23138 0
0.713333 1.24305 0
0.72 1.2546 0
0.726667 1.26604 0
0.733333 1.27736 0
0.74 1.28856 0
0.746667 1.29964 0
0.753333 1.31061 0
0.76 1.32145 0
0.766667 1.33217 0
0.773333 1.34277 0
0.78 1.35325 0
0.786667 1.36361 0
0.793333 1.37384 0
0.8 1.38395 0
0.806667 1.39393 0
0.813333 1.40379 0
0.82 1.41352 0
0.826667 1.42312 0
0.833333 1.43259 0
0.84 1.44193 0
0.846667 1.45115 0
0.853333 1.46023 0
0.86 1.46918 0
0.866667 1.478 0
0.873333 1.48669 0
0.88 1.49524 0
0.886667 1.50366 0
0.893333 1.51195 0
0.9 1.5201 0
0.906667 1.52811 0
0.913333 1.53599 0
0.92 1.54373 0
0.926667 1.55133 0
0.933333 1.5588 0
0.94 1.56612 0
0.946667 1.57331 0
0.953333 1.58035 0
0.96 1.58726 0
0.966667 1.59402 0
0.973333 1.60064 0
0.98 1.60712 0
0.986667 1.61346 0
0.993333 1.61965 0
1 1.6257 0
