-1 129.848 0
-0.995 129.871 0
-0.99 129.894 0
-0.985 129.918 0
-0.98 129.941 0
-0.975 129.964 0
-0.97 129.988 0
-0.965 130.011 0
-0.96 130.034 0
-0.955 130.057 0
-0.95 130.081 0
-0.945 130.104 0
-0.94 130.127 0
-0.935 130.15 0
-0.93 130.174 0
-0.925 130.197 0
-0.92 130.22 0
-0.915 130.243 0
-0.91 130.267 0
-0.905 130.29 0
-0.9 130.313 0
-0.895 130.336 0
-0.89 130.36 0
-0.885 130.383 0
-0.88 130.406 0
-0.875 130.429 0
-0.87 130.452 0
-0.865 130.476 0
-0.86 130.499 0
-0.855 130.522 0
-0.85 130.545 0
-0.845 130.568 0
-0.84 130.591 0
-0.835 130.615 0
-0.83 130.638 0
-0.825 130.661 0
-0.82 130.684 0
-0.815 130.707 0
-0.81 130.73 0
-0.805 130.753 0
-0.8 130.777 0
-0.795 130.8 0
-0.79 130.823 0
-0.785 130.846 0
-0.78 130.869 0
-0.775 130.892 0
-0.77 130.915 0
-0.765 130.938 0
-0.76 130.961 0
-0.755 130.984 0
-0.75 131.008 0
-0.745 131.031 0
-0.74 131.054 0
-0.735 131.077 0
-0.73 131.1 0
-0.725 131.123 0
-0.72 131.146 0
-0.715 131.169 0
-0.71 131.192 0
-0.705 131.215 0
-0.7 131.238 0
-0.695 131.261 0
-0.69 131.284 0
-0.685 131.307 0
-0.68 131.33 0
-0.675 131.353 0
-0.67 131.376 0
-0.665 131.399 0
-0.66 131.422 0
-0.655 131.445 0
-0.65 131.468 0
-0.645 131.491 0
-0.64 131.514 0
-0.635 131.537 0
-0.63 131.56 0
-0.625 131.583 0
-0.62 131.606 0
-0.615 131.629 0
-0.61 131.652 0
-0.605 131.675 0
-0.6 131.698 0
-0.595 131.721 0
-0.59 131.743 0
-0.585 131.766 0
-0.58 131.789 0
-0.575 131.812 0
-0.57 131.835 0
-0.565 131.858 0
-0.56 131.881 0
-0.555 131.904 0
-0.55 131.927 0
-0.545 131.95 0
-0.54 131.972 0
-0.535 131.995 0
-0.53 132.018 0
-0.525 132.041 0
-0.52 132.064 0
-0.515 132.087 0
-0.51 132.11 0
-0.505 132.132 0
-0.5 132.155 0
-0.495 132.178 0
-0.49 132.201 0
-0.485 132.224 0
-0.48 132.246 0
-0.475 132.269 0
-0.47 132.292 0
-0.465 132.315 0
-0.46 132.338 0
-0.455 132.36 0
-0.45 132.383 0
-0.445 132.406 0
-0.44 132.429 0
-0.435 132.452 0
-0.43 132.474 0
-0.425 132.497 0
-0.42 132.52 0
-0.415 132.543 0
-0.41 132.565 0
-0.405 132.588 0
-0.4 132.611 0
-0.395 132.634 0
-0.39 132.656 0
-0.385 132.679 0
-0.38 132.702 0
-0.375 132.724 0
-0.37 132.747 0
-0.365 132.77 0
-0.36 132.792 0
-0.355 132.815 0
-0.35 132.838 0
-0.345 132.861 0
-0.34 132.883 0
-0.335 132.906 0
-0.33 132.929 0
-0.325 132.951 0
-0.32 132.974 0
-0.315 132.996 0
-0.31 133.019 0
-0.305 133.042 0
-0.3 133.064 0
-0.295 133.087 0
-0.29 133.11 0
-0.285 133.132 0
-0.28 133.155 0
-0.275 133.177 0
-0.27 133.2 0
-0.265 133.223 0
-0.26 133.245 0
-0.255 133.268 0
-0.25 133.29 0
-0.245 133.313 0
-0.24 133.336 0
-0.235 133.358 0
-0.23 133.381 0
-0.225 133.403 0
-0.22 133.426 0
-0.215 133.448 0
-0.21 133.471 0
-0.205 133.493 0
-0.2 133.516 0
-0.195 133.538 0
-0.19 133.561 0
-0.185 133.584 0
-0.18 133.606 0
-0.175 133.629 0
-0.17 133.651 0
-0.165 133.674 0
-0.16 133.696 0
-0.155 133.718 0
-0.15 133.741 0
-0.145 133.763 0
-0.14 133.786 0
-0.135 133.808 0
-0.13 133.831 0
-0.125 133.853 0
-0.12 133.876 0
-0.115 133.898 0
-0.11 133.921 0
-0.105 133.943 0
-0.1 133.965 0
-0.095 133.988 0
-0.09 134.01 0
-0.085 134.033 0
-0.08 134.055 0
-0.075 134.078 0
-0.07 134.1 0
-0.065 134.122 0
-0.06 134.145 0
-0.055 134.167 0
-0.05 134.189 0
-0.045 134.212 0
-0.04 134.234 0
-0.035 134.257 0
-0.03 134.279 0
-0.025 134.301 0
-0.02 134.324 0
-0.015 134.346 0
-0.01 134.368 0
-0.005 134.391 0
0 134.413 0
0.005 134.435 0
0.01 134.457 0
0.015 134.48 0
0.02 134.502 0
0.025 134.524 0
0.03 134.547 0
0.035 134.569 0
0.04 134.591 0
0.045 134.614 0
0.05 134.636 0
0.055 134.658 0
0.06 134.68 0
0.065 134.703 0
0.07 134.725 0
0.075 134.747 0
0.08 134.769 0
0.085 134.791 0
0.09 134.814 0
0.095 134.836 0
0.1 134.858 0
0.105 134.88 0
0.11 134.903 0
0.115 134.925 0
0.12 134.947 0
0.125 134.969 0
0.13 134.991 0
0.135 135.014 0
0.14 135.036 0
0.145 135.058 0
0.15 135.08 0
0.155 135.102 0
0.16 135.124 0
0.165 135.146 0
0.17 135.169 0
0.175 135.191 0
0.18 135.213 0
0.185 135.235 0
0.19 135.257 0
0.195 135.279 0
0.2 135.301 0
0.205 135.323 0
0.21 135.346 0
0.215 135.368 0
0.22 135.39 0
0.225 135.412 0
0.23 135.434 0
0.235 135.456 0
0.24 135.478 0
0.245 135.5 0
0.25 135.522 0
0.255 135.544 0
0.26 135.566 0
0.265 135.588 0
0.27 135.61 0
0.275 135.632 0
0.28 135.654 0
0.285 135.676 0
0.29 135.698 0
0.295 135.72 0
0.3 135.742 0
0.305 135.764 0
0.31 135.786 0
0.315 135.808 0
0.32 135.83 0
0.325 135.852 0
0.33 135.874 0
0.335 135.896 0
0.34 135.918 0
0.345 135.94 0
0.35 135.962 0
0.355 135.984 0
0.36 136.006 0
0.365 136.028 0
0.37 136.05 0
0.375 136.072 0
0.38 136.094 0
0.385 136.115 0
0.39 136.137 0
0.395 136.159 0
0.4 136.181 0
0.405 136.203 0
0.41 136.225 0
0.415 136.247 0
0.42 136.269 0
0.425 136.291 0
0.43 136.312 0
0.435 136.334 0
0.44 136.356 0
0.445 136.378 0
0.45 136.4 0
0.455 136.422 0
0.46 136.443 0
0.465 136.465 0
0.47 136.487 0
0.475 136.509 0
0.48 136.531 0
0.485 136.552 0
0.49 136.574 0
0.495 136.596 0
0.5 136.618 0
0.505 136.64 0
0.51 136.661 0
0.515 136.683 0
0.52 136.705 0
0.525 136.727 0
0.53 136.748 0
0.535 136.77 0
0.54 136.792 0
0.545 136.814 0
0.55 136.835 0
0.555 136.857 0
0.56 136.879 0
0.565 136.9 0
0.57 136.922 0
0.575 136.944 0
0.58 136.966 0
0.585 136.987 0
0.59 137.009 0
0.595 137.031 0
0.6 137.052 0
0.605 137.074 0
0.61 137.096 0
0.615 137.117 0
0.62 137.139 0
0.625 137.16 0
0.63 137.182 0
0.635 137.204 0
0.64 137.225 0
0.645 137.247 0
0.65 137.269 0
0.655 137.29 0
0.66 137.312 0
0.665 137.333 0
0.67 137.355 0
0.675 137.377 0
0.68 137.398 0
0.685 137.42 0
0.69 137.441 0
0.695 137.463 0
0.7 137.484 0
0.705 137.506 0
0.71 137.527 0
0.715 137.549 0
0.72 137.571 0
0.725 137.592 0
0.73 137.614 0
0.735 137.635 0
0.74 137.657 0
0.745 137.678 0
0.75 137.7 0
0.755 137.721 0
0.76 137.743 0
0.765 137.764 0
0.77 137.786 0
0.775 137.807 0
0.78 137.828 0
0.785 137.85 0
0.79 137.871 0
0.795 137.893 0
0.8 137.914 0
0.805 137.936 0
0.81 137.957 0
0.815 137.979 0
0.82 138 0
0.825 138.021 0
0.83 138.043 0
0.835 138.064 0
0.84 138.086 0
0.845 138.107 0
0.85 138.128 0
0.855 138.15 0
0.86 138.171 0
0.865 138.193 0
0.87 138.214 0
0.875 138.235 0
0.88 138.257 0
0.885 138.278 0
0.89 138.299 0
0.895 138.321 0
0.9 138.342 0
0.905 138.363 0
0.91 138.385 0
0.915 138.406 0
0.92 138.427 0
0.925 138.448 0
0.93 138.47 0
0.935 138.491 0
0.94 138.512 0
0.945 138.534 0
0.95 138.555 0
0.955 138.576 0
0.96 138.597 0
0.965 138.619 0
0.97 138.64 0
0.975 138.661 0
0.98 138.682 0
0.985 138.704 0
0.99 138.725 0
0.995 138.746 0
1 138.767 0
