-1 13.2845 0
-0.995 13.2889 0
-0.99 13.2932 0
-0.985 13.2976 0
-0.98 13.3019 0
-0.975 13.3063 0
-0.97 13.3106 0
-0.965 13.315 0
-0.96 13.3193 0
-0.955 13.3237 0
-0.95 13.3281 0
-0.945 13.3324 0
-0.94 13.3368 0
-0.935 13.3411 0
-0.93 13.3455 0
-0.925 13.3498 0
-0.92 13.3542 0
-0.915 13.3585 0
-0.91 13.3629 0
-0.905 13.3673 0
-0.9 13.3716 0
-0.895 13.376 0
-0.89 13.3803 0
-0.885 13.3847 0
-0.88 13.3891 0
-0.875 13.3934 0
-0.87 13.3978 0
-0.865 13.4021 0
-0.86 13.4065 0
-0.855 13.4109 0
-0.85 13.4152 0
-0.845 13.4196 0
-0.84 13.424 0
-0.835 13.4283 0
-0.83 13.4327 0
-0.825 13.4371 0
-0.82 13.4414 0
-0.815 13.4458 0
-0.81 13.4502 0
-0.805 13.4545 0
-0.8 13.4589 0
-0.795 13.4633 0
-0.79 13.4676 0
-0.785 13.472 0
-0.78 13.4764 0
-0.775 13.4808 0
-0.77 13.4851 0
-0.765 13.4895 0
-0.76 13.4939 0
-0.755 13.4983 0
-0.75 13.5026 0
-0.745 13.507 0
-0.74 13.5114 0
-0.735 13.5158 0
-0.73 13.5201 0
-0.725 13.5245 0
-0.72 13.5289 0
-0.715 13.5333 0
-0.71 13.5377 0
-0.705 13.542 0
-0.7 13.5464 0
-0.695 13.5508 0
-0.69 13.5552 0
-0.685 13.5596 0
-0.68 13.5639 0
-0.675 13.5683 0
-0.67 13.5727 0
-0.665 13.5771 0
-0.66 13.5815 0
-0.655 13.5859 0
-0.65 13.5903 0
-0.645 13.5946 0
-0.64 13.599 0
-0.635 13.6034 0
-0.63 13.6078 0
-0.625 13.6122 0
-0.62 13.6166 0
-0.615 13.621 0
-0.61 13.6254 0
-0.605 13.6298 0
-0.6 13.6341 0
-0.595 13.6385 0
-0.59 13.6429 0
-0.585 13.6473 0
-0.58 13.6517 0
-0.575 13.6561 0
-0.57 13.6605 0
-0.565 13.6649 0
-0.56 13.6693 0
-0.555 13.6737 0
-0.55 13.6781 0
-0.545 13.6825 0
-0.54 13.6869 0
-0.535 13.6913 0
-0.53 13.6957 0
-0.525 13.7001 0
-0.52 13.7045 0
-0.515 13.7089 0
-0.51 13.7133 0
-0.505 13.7177 0
-0.5 13.7221 0
-0.495 13.7265 0
-0.49 13.7309 0
-0.485 13.7353 0
-0.48 13.7397 0
-0.475 13.7441 0
-0.47 13.7485 0
-0.465 13.7529 0
-0.46 13.7573 0
-0.455 13.7617 0
-0.45 13.7661 0
-0.445 13.7705 0
-0.44 13.775 0
-0.435 13.7794 0
-0.43 13.7838 0
-0.425 13.7882 0
-0.42 13.7926 0
-0.415 13.797 0
-0.41 13.8014 0
-0.405 13.8058 0
-0.4 13.8102 0
-0.395 13.8146 0
-0.39 13.8191 0
-0.385 13.8235 0
-0.38 13.8279 0
-0.375 13.8323 0
-0.37 13.8367 0
-0.365 13.8411 0
-0.36 13.8456 0
-0.355 13.85 0
-0.35 13.8544 0
-0.345 13.8588 0
-0.34 13.8632 0
-0.335 13.8676 0
-0.33 13.8721 0
-0.325 13.8765 0
-0.32 13.8809 0
-0.315 13.8853 0
-0.31 13.8897 0
-0.305 13.8942 0
-0.3 13.8986 0
-0.295 13.903 0
-0.29 13.9074 0
-0.285 13.9119 0
-0.28 13.9163 0
-0.275 13.9207 0
-0.27 13.9251 0
-0.265 13.9296 0
-0.26 13.934 0
-0.255 13.9384 0
-0.25 13.9428 0
-0.245 13.9473 0
-0.24 13.9517 0
-0.235 13.9561 0
-0.23 13.9606 0
-0.225 13.965 0
-0.22 13.9694 0
-0.215 13.9738 0
-0.21 13.9783 0
-0.205 13.9827 0
-0.2 13.9871 0
-0.195 13.9916 0
-0.19 13.996 0
-0.185 14.0004 0
-0.18 14.0049 0
-0.175 14.0093 0
-0.17 14.0137 0
-0.165 14.0182 0
-0.16 14.0226 0
-0.155 14.0271 0
-0.15 14.0315 0
-0.145 14.0359 0
-0.14 14.0404 0
-0.135 14.0448 0
-0.13 14.0492 0
-0.125 14.0537 0
-0.12 14.0581 0
-0.115 14.0626 0
-0.11 14.067 0
-0.105 14.0715 0
-0.1 14.0759 0
-0.095 14.0803 0
-0.09 14.0848 0
-0.085 14.0892 0
-0.08 14.0937 0
-0.075 14.0981 0
-0.07 14.1026 0
-0.065 14.107 0
-0.06 14.1114 0
-0.055 14.1159 0
-0.05 14.1203 0
-0.045 14.1248 0
-0.04 14.1292 0
-0.035 14.1337 0
-0.03 14.1381 0
-0.025 14.1426 0
-0.02 14.147 0
-0.015 14.1515 0
-0.01 14.1559 0
-0.005 14.1604 0
0 14.1648 0
0.005 14.1693 0
0.01 14.1737 0
0.015 14.1782 0
0.02 14.1826 0
0.025 14.1871 0
0.03 14.1916 0
0.035 14.196 0
0.04 14.2005 0
0.045 14.2049 0
0.05 14.2094 0
0.055 14.2138 0
0.06 14.2183 0
0.065 14.2227 0
0.07 14.2272 0
0.075 14.2317 0
0.08 14.2361 0
0.085 14.2406 0
0.09 14.245 0
0.095 14.2495 0
0.1 14.254 0
0.105 14.2584 0
0.11 14.2629 0
0.115 14.2673 0
0.12 14.2718 0
0.125 14.2763 0
0.13 14.2807 0
0.135 14.2852 0
0.14 14.2897 0
0.145 14.2941 0
0.15 14.2986 0
0.155 14.3031 0
0.16 14.3075 0
0.165 14.312 0
0.17 14.3165 0
0.175 14.3209 0
0.18 14.3254 0
0.185 14.3299 0
0.19 14.3343 0
0.195 14.3388 0
0.2 14.3433 0
0.205 14.3477 0
0.21 14.3522 0
0.215 14.3567 0
0.22 14.3612 0
0.225 14.3656 0
0.23 14.3701 0
0.235 14.3746 0
0.24 14.379 0
0.245 14.3835 0
0.25 14.388 0
0.255 14.3925 0
0.26 14.3969 0
0.265 14.4014 0
0.27 14.4059 0
0.275 14.4104 0
0.28 14.4149 0
0.285 14.4193 0
0.29 14.4238 0
0.295 14.4283 0
0.3 14.4328 0
0.305 14.4372 0
0.31 14.4417 0
0.315 14.4462 0
0.32 14.4507 0
0.325 14.4552 0
0.33 14.4596 0
0.335 14.4641 0
0.34 14.4686 0
0.345 14.4731 0
0.35 14.4776 0
0.355 14.4821 0
0.36 14.4865 0
0.365 14.491 0
0.37 14.4955 0
0.375 14.5 0
0.38 14.5045 0
0.385 14.509 0
0.39 14.5135 0
0.395 14.5179 0
0.4 14.5224 0
0.405 14.5269 0
0.41 14.5314 0
0.415 14.5359 0
0.42 14.5404 0
0.425 14.5449 0
0.43 14.5494 0
0.435 14.5539 0
0.44 14.5583 0
0.445 14.5628 0
0.45 14.5673 0
0.455 14.5718 0
0.46 14.5763 0
0.465 14.5808 0
0.47 14.5853 0
0.475 14.5898 0
0.48 14.5943 0
0.485 14.5988 0
0.49 14.6033 0
0.495 14.6078 0
0.5 14.6123 0
0.505 14.6168 0
0.51 14.6213 0
0.515 14.6258 0
0.52 14.6303 0
0.525 14.6347 0
0.53 14.6392 0
0.535 14.6437 0
0.54 14.6482 0
0.545 14.6527 0
0.55 14.6572 0
0.555 14.6617 0
0.56 14.6662 0
0.565 14.6707 0
0.57 14.6752 0
0.575 14.6797 0
0.58 14.6843 0
0.585 14.6888 0
0.59 14.6933 0
0.595 14.6978 0
0.6 14.7023 0
0.605 14.7068 0
0.61 14.7113 0
0.615 14.7158 0
0.62 14.7203 0
0.625 14.7248 0
0.63 14.7293 0
0.635 14.7338 0
0.64 14.7383 0
0.645 14.7428 0
0.65 14.7473 0
0.655 14.7518 0
0.66 14.7563 0
0.665 14.7609 0
0.67 14.7654 0
0.675 14.7699 0
0.68 14.7744 0
0.685 14.7789 0
0.69 14.7834 0
0.695 14.7879 0
0.7 14.7924 0
0.705 14.7969 0
0.71 14.8015 0
0.715 14.806 0
0.72 14.8105 0
0.725 14.815 0
0.73 14.8195 0
0.735 14.824 0
0.74 14.8285 0
0.745 14.8331 0
0.75 14.8376 0
0.755 14.8421 0
0.76 14.8466 0
0.765 14.8511 0
0.77 14.8556 0
0.775 14.8602 0
0.78 14.8647 0
0.785 14.8692 0
0.79 14.8737 0
0.795 14.8782 0
0.8 14.8827 0
0.805 14.8873 0
0.81 14.8918 0
0.815 14.8963 0
0.82 14.9008 0
0.825 14.9053 0
0.83 14.9099 0
0.835 14.9144 0
0.84 14.9189 0
0.845 14.9234 0
0.85 14.928 0
0.855 14.9325 0
0.86 14.937 0
0.865 14.9415 0
0.87 14.9461 0
0.875 14.9506 0
0.88 14.9551 0
0.885 14.9596 0
0.89 14.9642 0
0.895 14.9687 0
0.9 14.9732 0
0.905 14.9777 0
0.91 14.9823 0
0.915 14.9868 0
0.92 14.9913 0
0.925 14.9959 0
0.93 15.0004 0
0.935 15.0049 0
0.94 15.0094 0
0.945 15.014 0
0.95 15.0185 0
0.955 15.023 0
0.96 15.0276 0
0.965 15.0321 0
0.97 15.0366 0
0.975 15.0412 0
0.98 15.0457 0
0.985 15.0502 0
0.99 15.0548 0
0.995 15.0593 0
1 15.0638 0
