# # hall conductivity
5.999999999999999778e-01 -2.058278466708928889e+00
6.010025062656640937e-01 -2.058278466708928889e+00
6.020050125313283207e-01 -2.058278466708928889e+00
6.030075187969924366e-01 -2.058278466708928889e+00
6.040100250626566636e-01 -2.058278466708928889e+00
6.050125313283207795e-01 -2.058278466708928889e+00
6.060150375939848955e-01 -2.047135977517386074e+00
6.070175438596491224e-01 -2.047135977512285709e+00
6.080200501253132384e-01 -2.047135977512285709e+00
6.090225563909774653e-01 -2.047135977512285709e+00
6.100250626566415812e-01 -2.047135977512285709e+00
6.110275689223056972e-01 -2.047135977512285709e+00
6.120300751879699241e-01 -2.047135977512285709e+00
6.130325814536340401e-01 -2.047135977512285709e+00
6.140350877192982670e-01 -2.047135977512285709e+00
6.150375939849623830e-01 -2.047135977512285709e+00
6.160401002506264989e-01 -2.047135977512285709e+00
6.170426065162907259e-01 -2.047135977512285709e+00
6.180451127819548418e-01 -2.047135977512285709e+00
6.190476190476190688e-01 -2.047135977512285709e+00
6.200501253132831847e-01 -2.047135977512285709e+00
6.210526315789473006e-01 -2.047135945836374482e+00
6.220551378446115276e-01 -2.036459619882007743e+00
6.230576441102756435e-01 -2.036459619882007743e+00
6.240601503759398705e-01 -2.036459619882007743e+00
6.250626566416039864e-01 -2.036459619882007743e+00
6.260651629072681024e-01 -2.036459619882007743e+00
6.270676691729323293e-01 -2.036459619882007743e+00
6.280701754385964453e-01 -2.036459619882007743e+00
6.290726817042606722e-01 -2.036459619882007743e+00
6.300751879699247882e-01 -2.036459619882007743e+00
6.310776942355889041e-01 -2.036459619882007743e+00
6.320802005012531311e-01 -2.036459619882007743e+00
6.330827067669172470e-01 -2.036459619882007743e+00
6.340852130325814739e-01 -2.036459619882007743e+00
6.350877192982455899e-01 -2.036459619882007743e+00
6.360902255639097058e-01 -2.036459619882007743e+00
6.370927318295739328e-01 -2.026313361690470494e+00
6.380952380952380487e-01 -2.026313361690470494e+00
6.390977443609022757e-01 -2.026313361690470494e+00
6.401002506265663916e-01 -2.026313361690470494e+00
6.411027568922305075e-01 -2.026313361690470494e+00
6.421052631578947345e-01 -2.026313361690470494e+00
6.431077694235588504e-01 -2.026313361690470494e+00
6.441102756892230774e-01 -2.026313361690470494e+00
6.451127819548871933e-01 -2.026313361690470494e+00
6.461152882205513093e-01 -2.026313361690470494e+00
6.471177944862155362e-01 -2.026313361690470494e+00
6.481203007518796522e-01 -2.026313361690470494e+00
6.491228070175438791e-01 -2.026313361690470494e+00
6.501253132832079951e-01 -2.026313361690470494e+00
6.511278195488721110e-01 -2.026313361690470494e+00
6.521303258145363380e-01 -2.019613602898711946e+00
6.531328320802004539e-01 -2.019613602898711946e+00
6.541353383458646809e-01 -2.019613602898711946e+00
6.551378446115287968e-01 -2.019613602898711946e+00
6.561403508771929127e-01 -2.019613602898711946e+00
6.571428571428571397e-01 -2.019613602898711946e+00
6.581453634085212556e-01 -2.019613602898711946e+00
6.591478696741854826e-01 -2.019613602898711946e+00
6.601503759398495985e-01 -2.019613602898711946e+00
6.611528822055137145e-01 -2.019613602898711946e+00
6.621553884711779414e-01 -2.019613602898711946e+00
6.631578947368420573e-01 -2.019613602898711946e+00
6.641604010025062843e-01 -2.019613602898711946e+00
6.651629072681704002e-01 -2.019613602898711946e+00
6.661654135338345162e-01 -2.019613602898711946e+00
6.671679197994987431e-01 -2.014646622800612352e+00
6.681704260651628591e-01 -2.013102647706735304e+00
6.691729323308270860e-01 -2.013102647706735304e+00
6.701754385964912020e-01 -2.013102647706735304e+00
6.711779448621553179e-01 -2.013102647706735304e+00
6.721804511278195449e-01 -2.013102647706735304e+00
6.731829573934836608e-01 -2.013102647706735304e+00
6.741854636591478878e-01 -2.013102647706735304e+00
6.751879699248120037e-01 -2.013102647706735304e+00
6.761904761904761196e-01 -2.013102647706735304e+00
6.771929824561403466e-01 -2.013102647706735304e+00
6.781954887218044625e-01 -2.013102647706735304e+00
6.791979949874686895e-01 -2.013102647706735304e+00
6.802005012531328054e-01 -2.013102647706735304e+00
6.812030075187969214e-01 -2.013102647706735304e+00
6.822055137844611483e-01 -2.013102647706735304e+00
6.832080200501252643e-01 -2.005001169072613720e+00
6.842105263157894912e-01 -2.005001169072613720e+00
6.852130325814536072e-01 -2.005001169072613720e+00
6.862155388471177231e-01 -2.005001169072613720e+00
6.872180451127819500e-01 -2.005001169072613720e+00
6.882205513784460660e-01 -2.005001169072613720e+00
6.892230576441102929e-01 -2.005001169072613720e+00
6.902255639097744089e-01 -2.005001169072613720e+00
6.912280701754385248e-01 -2.005001169072613720e+00
6.922305764411027518e-01 -2.005001169072613720e+00
6.932330827067668677e-01 -2.005001169072613720e+00
6.942355889724310947e-01 -2.005001169072613720e+00
6.952380952380952106e-01 -2.005001169072613720e+00
6.962406015037594376e-01 -2.005001169072613720e+00
6.972431077694235535e-01 -2.005001169072613720e+00
6.982456140350876694e-01 -1.989142367521977262e+00
6.992481203007518964e-01 -1.989142367521977262e+00
7.002506265664160123e-01 -1.989142367521977262e+00
7.012531328320801283e-01 -1.989142367521977262e+00
7.022556390977443552e-01 -1.989142367521977262e+00
7.032581453634084712e-01 -1.989142367521977262e+00
7.042606516290726981e-01 -1.989142367521977262e+00
7.052631578947368141e-01 -1.989142367521977262e+00
7.062656641604010410e-01 -1.989142367521977262e+00
7.072681704260651570e-01 -1.989142367521977262e+00
7.082706766917292729e-01 -1.989142367521977262e+00
7.092731829573934998e-01 -1.989142367521977262e+00
7.102756892230576158e-01 -1.989142367521977262e+00
7.112781954887217317e-01 -1.989142367521977262e+00
7.122807017543859587e-01 -1.989142367521977262e+00
7.132832080200500746e-01 -1.970665920174551999e+00
7.142857142857143016e-01 -1.970665916658913330e+00
7.152882205513784175e-01 -1.970665916658913330e+00
7.162907268170426445e-01 -1.970665916658913330e+00
7.172932330827067604e-01 -1.970665916658913330e+00
7.182957393483708763e-01 -1.970665916658913330e+00
7.192982456140351033e-01 -1.970665916658913330e+00
7.203007518796992192e-01 -1.970665916658913330e+00
7.213032581453633352e-01 -1.970665916658913330e+00
7.223057644110275621e-01 -1.970665916658913330e+00
7.233082706766916781e-01 -1.970665916658913330e+00
7.243107769423559050e-01 -1.970665916658913330e+00
7.253132832080200210e-01 -1.970665916658913330e+00
7.263157894736842479e-01 -1.970665916658913330e+00
7.273182957393483639e-01 -1.970665916658913330e+00
7.283208020050124798e-01 -1.970665916388243177e+00
7.293233082706767068e-01 -1.943094713236624083e+00
7.303258145363408227e-01 -1.943094713236624083e+00
7.313283208020049386e-01 -1.943094713236624083e+00
7.323308270676691656e-01 -1.943094713236624083e+00
7.333333333333332815e-01 -1.943094713236624083e+00
7.343358395989975085e-01 -1.943094713236624083e+00
7.353383458646616244e-01 -1.943094713236624083e+00
7.363408521303258514e-01 -1.943094713236624083e+00
7.373433583959899673e-01 -1.943094713236624083e+00
7.383458646616540832e-01 -1.943094713236624083e+00
7.393483709273183102e-01 -1.943094713236624083e+00
7.403508771929824261e-01 -1.943094713236624083e+00
7.413533834586465421e-01 -1.943094713236624083e+00
7.423558897243107690e-01 -1.943094713236624083e+00
7.433583959899748850e-01 -1.943094713236624083e+00
7.443609022556391119e-01 -1.915490801022710743e+00
7.453634085213032279e-01 -1.915490801022710743e+00
7.463659147869674548e-01 -1.915490801022710743e+00
7.473684210526315708e-01 -1.915490801022710743e+00
7.483709273182956867e-01 -1.915490801022710743e+00
7.493734335839599137e-01 -1.915490801022710743e+00
7.503759398496240296e-01 -1.915490801022710743e+00
7.513784461152881455e-01 -1.915490801022710743e+00
7.523809523809523725e-01 -1.915490801022710743e+00
7.533834586466164884e-01 -1.915490801022710743e+00
7.543859649122807154e-01 -1.915490801022710743e+00
7.553884711779448313e-01 -1.915490801022710743e+00
7.563909774436090583e-01 -1.915490801022710743e+00
7.573934837092731742e-01 -1.915490801022710743e+00
7.583959899749372902e-01 -1.915490801022710743e+00
7.593984962406015171e-01 -1.738707907697611299e+00
7.604010025062656331e-01 -1.738707907697598198e+00
7.614035087719297490e-01 -1.738707907697598198e+00
7.624060150375939759e-01 -1.738707907697598198e+00
7.634085213032580919e-01 -1.738707907697598198e+00
7.644110275689223188e-01 -1.738707907697598198e+00
7.654135338345864348e-01 -1.738707907697598198e+00
7.664160401002506617e-01 -1.738707907697598198e+00
7.674185463659147777e-01 -1.738707907697598198e+00
7.684210526315788936e-01 -1.738707907697598198e+00
7.694235588972431206e-01 -1.738707907697598198e+00
7.704260651629072365e-01 -1.738707907697598198e+00
7.714285714285713524e-01 -1.738707907697598198e+00
7.724310776942355794e-01 -1.738707907697598198e+00
7.734335839598996953e-01 -1.738707907697598198e+00
7.744360902255639223e-01 -1.713065349750581889e+00
7.754385964912280382e-01 -8.271985843730099708e-01
7.764411027568922652e-01 -8.271985843730099708e-01
7.774436090225563811e-01 -8.271985843730099708e-01
7.784461152882204971e-01 -8.271985843730099708e-01
7.794486215538847240e-01 -8.271985843730099708e-01
7.804511278195488400e-01 -8.271985843730099708e-01
7.814536340852129559e-01 -8.271985843730099708e-01
7.824561403508771829e-01 -8.271985843730099708e-01
7.834586466165412988e-01 -8.271985843730099708e-01
7.844611528822055257e-01 -8.271985843730099708e-01
7.854636591478696417e-01 -8.271985843730099708e-01
7.864661654135338686e-01 -8.271985843730099708e-01
7.874686716791979846e-01 -8.271985843730099708e-01
7.884711779448621005e-01 -8.271985843730099708e-01
7.894736842105263275e-01 -8.271985843730099708e-01
7.904761904761904434e-01 7.560698801811772674e-01
7.914786967418545593e-01 7.560698801811772674e-01
7.924812030075187863e-01 7.560698801811772674e-01
7.934837092731829022e-01 7.560698801811772674e-01
7.944862155388471292e-01 7.560698801811772674e-01
7.954887218045112451e-01 7.560698801811772674e-01
7.964912280701754721e-01 7.560698801811772674e-01
7.974937343358395880e-01 7.560698801811772674e-01
7.984962406015037040e-01 7.560698801811772674e-01
7.994987468671679309e-01 7.560698801811772674e-01
8.005012531328320469e-01 7.560698801811772674e-01
8.015037593984961628e-01 7.560698801811772674e-01
8.025062656641603898e-01 7.560698801811772674e-01
8.035087719298245057e-01 7.560698801811772674e-01
8.045112781954887327e-01 7.560698801811772674e-01
8.055137844611528486e-01 1.826488008341745850e+00
8.065162907268170756e-01 1.826488008341745850e+00
8.075187969924811915e-01 1.826488008341745850e+00
8.085213032581453074e-01 1.826488008341745850e+00
8.095238095238095344e-01 1.826488008341745850e+00
8.105263157894736503e-01 1.826488008341745850e+00
8.115288220551377663e-01 1.826488008341745850e+00
8.125313283208019932e-01 1.826488008341745850e+00
8.135338345864661092e-01 1.826488008341745850e+00
8.145363408521303361e-01 1.826488008341745850e+00
8.155388471177944520e-01 1.826488008341745850e+00
8.165413533834586790e-01 1.826488008341745850e+00
8.175438596491227949e-01 1.826488008341745850e+00
8.185463659147869109e-01 1.826488008341745850e+00
8.195488721804511378e-01 1.826488008341745850e+00
8.205513784461152538e-01 2.061243468371175780e+00
8.215538847117793697e-01 2.061245177458277400e+00
8.225563909774435967e-01 2.061245177458277400e+00
8.235588972431077126e-01 2.061245177458277400e+00
8.245614035087719396e-01 2.061245177458277400e+00
8.255639097744360555e-01 2.061245177458277400e+00
8.265664160401002825e-01 2.061245177458277400e+00
8.275689223057643984e-01 2.061245177458277400e+00
8.285714285714285143e-01 2.061245177458277400e+00
8.295739348370927413e-01 2.061245177458277400e+00
8.305764411027568572e-01 2.061245177458277400e+00
8.315789473684209732e-01 2.061245177458277400e+00
8.325814536340852001e-01 2.061245177458277400e+00
8.335839598997493161e-01 2.061245177458277400e+00
8.345864661654135430e-01 2.061245177458277400e+00
8.355889724310776590e-01 2.061245177456440203e+00
8.365914786967418859e-01 2.056298901895246445e+00
8.375939849624060018e-01 2.056298901895246445e+00
8.385964912280701178e-01 2.056298901895246445e+00
8.395989974937343447e-01 2.056298901895246445e+00
8.406015037593984607e-01 2.056298901895246445e+00
8.416040100250625766e-01 2.056298901895246445e+00
8.426065162907268036e-01 2.056298901895246445e+00
8.436090225563909195e-01 2.056298901895246445e+00
8.446115288220551465e-01 2.056298901895246445e+00
8.456140350877192624e-01 2.056298901895246445e+00
8.466165413533834894e-01 2.056298901895246445e+00
8.476190476190476053e-01 2.056298901895246445e+00
8.486215538847117212e-01 2.056298901895246445e+00
8.496240601503759482e-01 2.056298901895246445e+00
8.506265664160400641e-01 2.056298901895246445e+00
8.516290726817041801e-01 2.050949288817385252e+00
8.526315789473684070e-01 2.050949288817385252e+00
8.536340852130326340e-01 2.050949288817385252e+00
8.546365914786966389e-01 2.050949288817385252e+00
8.556390977443608659e-01 2.050949288817385252e+00
8.566416040100250928e-01 2.050949288817385252e+00
8.576441102756892088e-01 2.050949288817385252e+00
8.586466165413533247e-01 2.050949288817385252e+00
8.596491228070175517e-01 2.050949288817385252e+00
8.606516290726816676e-01 2.050949288817385252e+00
8.616541353383457835e-01 2.050949288817385252e+00
8.626566416040100105e-01 2.050949288817385252e+00
8.636591478696742374e-01 2.050949288817385252e+00
8.646616541353382424e-01 2.050949288817385252e+00
8.656641604010024693e-01 2.050949288817385252e+00
8.666666666666666963e-01 2.027748596387099589e+00
8.676691729323308122e-01 2.027748596387077828e+00
8.686716791979949281e-01 2.027748596387077828e+00
8.696741854636591551e-01 2.027748596387077828e+00
8.706766917293232710e-01 2.027748596387077828e+00
8.716791979949873870e-01 2.027748596387077828e+00
8.726817042606516139e-01 2.027748596387077828e+00
8.736842105263158409e-01 2.027748596387077828e+00
8.746867167919798458e-01 2.027748596387077828e+00
8.756892230576440728e-01 2.027748596387077828e+00
8.766917293233082997e-01 2.027748596387077828e+00
8.776942355889724157e-01 2.027748596387077828e+00
8.786967418546365316e-01 2.027748596387077828e+00
8.796992481203007586e-01 2.027748596387077828e+00
8.807017543859648745e-01 2.027748596387077828e+00
8.817042606516289904e-01 2.027698676344805051e+00
8.827067669172932174e-01 2.013329010203666503e+00
8.837092731829574443e-01 2.013329010203666503e+00
8.847117794486214493e-01 2.013329010203666503e+00
8.857142857142856762e-01 2.013329010203666503e+00
8.867167919799499032e-01 2.013329010203666503e+00
8.877192982456140191e-01 2.013329010203666503e+00
8.887218045112781351e-01 2.013329010203666503e+00
8.897243107769423620e-01 2.013329010203666503e+00
8.907268170426064779e-01 2.013329010203666503e+00
8.917293233082705939e-01 2.013329010203666503e+00
8.927318295739348208e-01 2.013329010203666503e+00
8.937343358395990478e-01 2.013329010203666503e+00
8.947368421052630527e-01 2.013329010203666503e+00
8.957393483709272797e-01 2.013329010203666503e+00
8.967418546365915066e-01 2.013329010203666503e+00
8.977443609022556226e-01 2.006215753688763037e+00
8.987468671679197385e-01 2.006215753688763037e+00
8.997493734335839655e-01 2.006215753688763037e+00
9.007518796992480814e-01 2.006215753688763037e+00
9.017543859649121973e-01 2.006215753688763037e+00
9.027568922305764243e-01 2.006215753688763037e+00
9.037593984962406513e-01 2.006215753688763037e+00
9.047619047619046562e-01 2.006215753688763037e+00
9.057644110275688831e-01 2.006215753688763037e+00
9.067669172932331101e-01 2.006215753688763037e+00
9.077694235588972260e-01 2.006215753688763037e+00
9.087719298245613420e-01 2.006215753688763037e+00
9.097744360902255689e-01 2.006215753688763037e+00
9.107769423558896849e-01 2.006215753688763037e+00
9.117794486215538008e-01 2.006215753688763037e+00
9.127819548872180277e-01 2.004790988922440675e+00
9.137844611528822547e-01 2.004790988922440675e+00
9.147869674185462596e-01 2.004790988922440675e+00
9.157894736842104866e-01 2.004790988922440675e+00
9.167919799498747135e-01 2.004790988922440675e+00
9.177944862155388295e-01 2.004790988922440675e+00
9.187969924812029454e-01 2.004790988922440675e+00
9.197994987468671724e-01 2.004790988922440675e+00
9.208020050125312883e-01 2.004790988922440675e+00
9.218045112781954042e-01 2.004790988922440675e+00
9.228070175438596312e-01 2.004790988922440675e+00
9.238095238095238582e-01 2.004790988922440675e+00
9.248120300751878631e-01 2.004790988922440675e+00
9.258145363408520900e-01 2.004790988922440675e+00
9.268170426065163170e-01 2.004790988922440675e+00
9.278195488721804329e-01 2.003052228836048609e+00
9.288220551378445489e-01 2.003052197700569526e+00
9.298245614035087758e-01 2.003052197700569526e+00
9.308270676691728918e-01 2.003052197700569526e+00
9.318295739348370077e-01 2.003052197700569526e+00
9.328320802005012347e-01 2.003052197700569526e+00
9.338345864661654616e-01 2.003052197700569526e+00
9.348370927318294665e-01 2.003052197700569526e+00
9.358395989974936935e-01 2.003052197700569526e+00
9.368421052631579204e-01 2.003052197700569526e+00
9.378446115288220364e-01 2.003052197700569526e+00
9.388471177944861523e-01 2.003052197700569526e+00
9.398496240601503793e-01 2.003052197700569526e+00
9.408521303258144952e-01 2.003052197700569526e+00
9.418546365914786112e-01 2.003052197700569526e+00
9.428571428571428381e-01 2.003052197700176507e+00
9.438596491228070651e-01 2.001344129698825025e+00
9.448621553884710700e-01 2.001344129698825025e+00
9.458646616541352969e-01 2.001344129698825025e+00
9.468671679197995239e-01 2.001344129698825025e+00
9.478696741854636398e-01 2.001344129698825025e+00
9.488721804511277558e-01 2.001344129698825025e+00
9.498746867167919827e-01 2.001344129698825025e+00
9.508771929824560987e-01 2.001344129698825025e+00
9.518796992481202146e-01 2.001344129698825025e+00
9.528822055137844416e-01 2.001344129698825025e+00
9.538847117794486685e-01 2.001344129698825025e+00
9.548872180451126734e-01 2.001344129698825025e+00
9.558897243107769004e-01 2.001344129698825025e+00
9.568922305764411274e-01 2.001344129698825025e+00
9.578947368421052433e-01 2.001344129698825025e+00
9.588972431077693592e-01 1.999388888836313827e+00
9.598997493734335862e-01 1.999388888836313827e+00
9.609022556390977021e-01 1.999388888836313827e+00
9.619047619047618181e-01 1.999388888836313827e+00
9.629072681704260450e-01 1.999388888836313827e+00
9.639097744360902720e-01 1.999388888836313827e+00
9.649122807017542769e-01 1.999388888836313827e+00
9.659147869674185038e-01 1.999388888836313827e+00
9.669172932330827308e-01 1.999388888836313827e+00
9.679197994987468467e-01 1.999388888836313827e+00
9.689223057644109627e-01 1.999388888836313827e+00
9.699248120300751896e-01 1.999388888836313827e+00
9.709273182957393056e-01 1.999388888836313827e+00
9.719298245614034215e-01 1.999388888836313827e+00
9.729323308270676485e-01 1.999388888836313827e+00
9.739348370927318754e-01 2.000381998773399950e+00
9.749373433583958803e-01 2.000381998773400394e+00
9.759398496240601073e-01 2.000381998773400394e+00
9.769423558897243343e-01 2.000381998773400394e+00
9.779448621553884502e-01 2.000381998773400394e+00
9.789473684210525661e-01 2.000381998773400394e+00
9.799498746867167931e-01 2.000381998773400394e+00
9.809523809523809090e-01 2.000381998773400394e+00
9.819548872180450250e-01 2.000381998773400394e+00
9.829573934837092519e-01 2.000381998773400394e+00
9.839598997493734789e-01 2.000381998773400394e+00
9.849624060150375948e-01 2.000381998773400394e+00
9.859649122807017108e-01 2.000381998773400394e+00
9.869674185463659377e-01 2.000381998773400394e+00
9.879699248120300537e-01 2.000381998773400394e+00
9.889724310776941696e-01 2.000403967788450643e+00
9.899749373433583965e-01 2.003163234832870288e+00
9.909774436090225125e-01 2.003163234832870288e+00
9.919799498746866284e-01 2.003163234832870288e+00
9.929824561403508554e-01 2.003163234832870288e+00
9.939849624060150823e-01 2.003163234832870288e+00
9.949874686716791983e-01 2.003163234832870288e+00
9.959899749373433142e-01 2.003163234832870288e+00
9.969924812030075412e-01 2.003163234832870288e+00
9.979949874686716571e-01 2.003163234832870288e+00
9.989974937343357730e-01 2.003163234832870288e+00
1.000000000000000000e+00 2.003163234832870288e+00
