# # hall conductivity
-1.500000000000000000e+00 -1.247404681357458230e+03
-1.439999999999999947e+00 -1.355472227522106778e+03
-1.379999999999999893e+00 -1.346623879729371538e+03
-1.320000000000000062e+00 -1.354740752882711149e+03
-1.260000000000000009e+00 -1.281536541790640513e+03
-1.199999999999999956e+00 -1.263856314460467047e+03
-1.140000000000000124e+00 -1.184926440156533545e+03
-1.080000000000000071e+00 -1.133746485910763113e+03
-1.020000000000000018e+00 -1.036320312935622042e+03
-9.599999999999999645e-01 -1.043701849841194644e+03
-9.000000000000000222e-01 -9.464237530035119335e+02
-8.400000000000000799e-01 -9.393624675329281217e+02
-7.800000000000000266e-01 -9.289002603252719155e+02
-7.199999999999999734e-01 -8.875619702189775353e+02
-6.600000000000000311e-01 -9.194448441794078235e+02
-6.000000000000000888e-01 -8.805003467432702564e+02
-5.400000000000000355e-01 -7.785981749033642245e+02
-4.799999999999999822e-01 -7.953709008747288181e+02
-4.199999999999999289e-01 -8.525778849803404000e+02
-3.600000000000000977e-01 -8.621865372280227575e+02
-3.000000000000000444e-01 -8.913328668044143797e+02
-2.399999999999999911e-01 -8.925009884004992955e+02
-1.800000000000001599e-01 -8.406709143442888035e+02
-1.200000000000001066e-01 -8.610216624297031558e+02
-6.000000000000005329e-02 -8.642894350198199618e+02
0.000000000000000000e+00 -8.417519112663452461e+02
6.000000000000005329e-02 -8.331968939058457408e+02
1.199999999999998845e-01 -8.352079043839058841e+02
1.799999999999999378e-01 -8.239305438788795755e+02
2.399999999999999911e-01 -8.126120635004224368e+02
2.999999999999998224e-01 -8.063953462061871278e+02
3.599999999999998757e-01 -8.062803283926718905e+02
4.199999999999999289e-01 -8.044312675103797119e+02
4.799999999999999822e-01 -8.042653565220158498e+02
5.400000000000000355e-01 -7.969230104575960922e+02
6.000000000000000888e-01 -7.968234589775536278e+02
6.600000000000001421e-01 -7.968297530394767136e+02
7.199999999999997513e-01 -7.966943880734006598e+02
7.799999999999998046e-01 -7.967754735482683373e+02
8.399999999999998579e-01 -7.908082521657919415e+02
8.999999999999999112e-01 -7.907573750569670210e+02
9.599999999999999645e-01 -7.906773547015807253e+02
1.020000000000000018e+00 -7.906108420266340318e+02
1.080000000000000071e+00 -7.905967838257206495e+02
1.139999999999999680e+00 -7.857456797646453879e+02
1.199999999999999734e+00 -7.791688449495118221e+02
1.259999999999999787e+00 -7.791472604216008904e+02
1.319999999999999840e+00 -7.801606818622581159e+02
1.379999999999999893e+00 -7.848243973225830814e+02
1.439999999999999947e+00 -7.814122572980693349e+02
1.500000000000000000e+00 -7.698208766840376711e+02
