# # hall conductivity
-1.500000000000000000e+00 -1.902685510098626054e+01
-1.497497914929107665e+00 -1.975916115671988393e+01
-1.494995829858215108e+00 -1.981994169335262868e+01
-1.492493744787322774e+00 -1.982442088426709859e+01
-1.489991659716430439e+00 -1.984372815030558357e+01
-1.487489574645537882e+00 -2.015016977118394337e+01
-1.484987489574645547e+00 -2.174762527216911323e+01
-1.482485404503753212e+00 -2.245251262583941454e+01
-1.479983319432860656e+00 -2.250643961169373242e+01
-1.477481234361968321e+00 -2.251016420419443165e+01
-1.474979149291075986e+00 -2.252308168774406383e+01
-1.472477064220183429e+00 -2.272029568302458458e+01
-1.469974979149291094e+00 -2.356835235739707457e+01
-1.467472894078398760e+00 -2.386815537229916018e+01
-1.464970809007506203e+00 -2.388956612938423163e+01
-1.462468723936613868e+00 -2.389050175834984557e+01
-1.459966638865721533e+00 -2.388590995157737140e+01
-1.457464553794828976e+00 -2.381703456522212647e+01
-1.454962468723936642e+00 -2.357558539833835809e+01
-1.452460383653044307e+00 -2.350668119699994918e+01
-1.449958298582151750e+00 -2.350197150396607881e+01
-1.447456213511259415e+00 -2.350079312286554512e+01
-1.444954128440367080e+00 -2.348428026928293733e+01
-1.442452043369474524e+00 -2.325340893351145866e+01
-1.439949958298582189e+00 -2.260033044892746545e+01
-1.437447873227689854e+00 -2.244846017479371270e+01
-1.434945788156797297e+00 -2.243860127907694135e+01
-1.432443703085904962e+00 -2.243735317169095111e+01
-1.429941618015012406e+00 -2.242474875908377285e+01
-1.427439532944120071e+00 -2.226031758352242917e+01
-1.424937447873227736e+00 -2.188803623353629746e+01
-1.422435362802335179e+00 -2.181667902209428078e+01
-1.419933277731442844e+00 -2.181220183118793443e+01
-1.417431192660550510e+00 -2.181148855066474113e+01
-1.414929107589657953e+00 -2.180318482482469378e+01
-1.412427022518765618e+00 -2.170330839204902773e+01
-1.409924937447873283e+00 -2.152347385682679359e+01
-1.407422852376980726e+00 -2.149468066849873793e+01
-1.404920767306088392e+00 -2.149289484789585813e+01
-1.402418682235196057e+00 -2.149206735372142774e+01
-1.399916597164303500e+00 -2.147919831315456207e+01
-1.397414512093411165e+00 -2.133864501910094802e+01
-1.394912427022518830e+00 -2.113830909959176907e+01
-1.392410341951626274e+00 -2.111111759007344091e+01
-1.389908256880733939e+00 -2.110952424583053144e+01
-1.387406171809841604e+00 -2.110977582000176866e+01
-1.384904086738949047e+00 -2.111569470156511841e+01
-1.382402001668056712e+00 -2.117341225643182412e+01
-1.379899916597164378e+00 -2.123834263367425379e+01
-1.377397831526271821e+00 -2.124594684187896121e+01
-1.374895746455379486e+00 -2.124657508080267831e+01
-1.372393661384487151e+00 -2.124997878316116129e+01
-1.369891576313594594e+00 -2.130798963471724505e+01
-1.367389491242702260e+00 -2.180323729235277241e+01
-1.364887406171809925e+00 -2.224236449200389742e+01
-1.362385321100917368e+00 -2.228738903993614784e+01
-1.359883236030025033e+00 -2.229024382075111177e+01
-1.357381150959132698e+00 -2.229527103021542445e+01
-1.354879065888240142e+00 -2.237765631569521574e+01
-1.352376980817347807e+00 -2.298310476683844783e+01
-1.349874895746455472e+00 -2.340635827913172662e+01
-1.347372810675562915e+00 -2.344504446021868205e+01
-1.344870725604670580e+00 -2.344745139817833035e+01
-1.342368640533778246e+00 -2.345135875295490280e+01
-1.339866555462885689e+00 -2.351377901011672833e+01
-1.337364470391993354e+00 -2.390198349937587352e+01
-1.334862385321101019e+00 -2.411636682334714621e+01
-1.332360300250208462e+00 -2.413413731935435536e+01
-1.329858215179316128e+00 -2.413540036757959228e+01
-1.327356130108423571e+00 -2.414020157856004190e+01
-1.324854045037531236e+00 -2.421619139385091302e+01
-1.322351959966638901e+00 -2.460980511289854888e+01
-1.319849874895746566e+00 -2.478216141369957271e+01
-1.317347789824854010e+00 -2.479533192596080582e+01
-1.314845704753961675e+00 -2.479656507706467394e+01
-1.312343619683069118e+00 -2.480558178111317247e+01
-1.309841534612176783e+00 -2.494408406758546093e+01
-1.307339449541284448e+00 -2.553297020318010624e+01
-1.304837364470392114e+00 -2.573858406282110067e+01
-1.302335279399499557e+00 -2.575325667070852731e+01
-1.299833194328607222e+00 -2.575461298061424031e+01
-1.297331109257714665e+00 -2.576438487139729361e+01
-1.294829024186822330e+00 -2.590765891847214419e+01
-1.292326939115929996e+00 -2.640136896843927872e+01
-1.289824854045037661e+00 -2.653987713270982240e+01
-1.287322768974145104e+00 -2.654921044336208524e+01
-1.284820683903252769e+00 -2.654981366119618258e+01
-1.282318598832360212e+00 -2.655137229286107114e+01
-1.279816513761467878e+00 -2.657264471295523123e+01
-1.277314428690575543e+00 -2.663141443606566838e+01
-1.274812343619682986e+00 -2.664479110764135328e+01
-1.272310258548790651e+00 -2.664562994845775634e+01
-1.269808173477898317e+00 -2.664526693252987499e+01
-1.267306088407005760e+00 -2.663794347344386892e+01
-1.264804003336113425e+00 -2.654311731093112670e+01
-1.262301918265221090e+00 -2.633488997308898760e+01
-1.259799833194328533e+00 -2.629596851899879084e+01
-1.257297748123436198e+00 -2.629355311040895771e+01
-1.254795663052543864e+00 -2.629346374057648106e+01
-1.252293577981651307e+00 -2.629423883569583609e+01
-1.249791492910758972e+00 -2.630352499055093318e+01
-1.247289407839866637e+00 -2.631962160883880131e+01
-1.244787322768974080e+00 -2.632213188414178973e+01
-1.242285237698081746e+00 -2.632237138776645935e+01
-1.239783152627189411e+00 -2.632398519305755258e+01
-1.237281067556296854e+00 -2.635217604998261720e+01
-1.234778982485404519e+00 -2.665380161768038292e+01
-1.232276897414512185e+00 -2.706442469160808173e+01
-1.229774812343619628e+00 -2.711850732432941768e+01
-1.227272727272727293e+00 -2.712189633727553684e+01
-1.224770642201834736e+00 -2.712562939876231383e+01
-1.222268557130942401e+00 -2.718737609559119051e+01
-1.219766472060050067e+00 -2.777204052370171183e+01
-1.217264386989157732e+00 -2.839520493980462490e+01
-1.214762301918265175e+00 -2.846584661699641572e+01
-1.212260216847372840e+00 -2.847022254019705301e+01
-1.209758131776480283e+00 -2.847546972731241510e+01
-1.207256046705587949e+00 -2.856132072805307587e+01
-1.204753961634695614e+00 -2.926728248797367371e+01
-1.202251876563803279e+00 -2.985557489120122909e+01
-1.199749791492910722e+00 -2.991401144153662273e+01
-1.197247706422018387e+00 -2.991758216592148045e+01
-1.194745621351125831e+00 -2.992184277271349302e+01
-1.192243536280233496e+00 -2.999017567783866767e+01
-1.189741451209341161e+00 -3.046896844423066852e+01
-1.187239366138448826e+00 -3.078104178730453455e+01
-1.184737281067556269e+00 -3.080869429993654762e+01
-1.182235195996663935e+00 -3.081027360659698644e+01
-1.179733110925771378e+00 -3.081057538103293325e+01
-1.177231025854879043e+00 -3.081410352805276176e+01
-1.174728940783986708e+00 -3.083476134519861489e+01
-1.172226855713094373e+00 -3.084531669746495552e+01
-1.169724770642201817e+00 -3.084615750021412239e+01
-1.167222685571309482e+00 -3.084605263282892906e+01
-1.164720600500416925e+00 -3.084329492591405142e+01
-1.162218515429524590e+00 -3.079965931569192250e+01
-1.159716430358632255e+00 -3.058922912616094791e+01
-1.157214345287739921e+00 -3.050456269778920415e+01
-1.154712260216847364e+00 -3.049826774262252016e+01
-1.152210175145955029e+00 -3.049773446246105735e+01
-1.149708090075062472e+00 -3.049443246775435767e+01
-1.147206005004170137e+00 -3.044467318680528578e+01
-1.144703919933277803e+00 -3.025028546663212836e+01
-1.142201834862385468e+00 -3.018829789503624639e+01
-1.139699749791492911e+00 -3.018397905099168810e+01
-1.137197664720600576e+00 -3.018355190755174178e+01
-1.134695579649708019e+00 -3.018016977560703040e+01
-1.132193494578815685e+00 -3.013175019657841958e+01
-1.129691409507923350e+00 -2.998052096773533037e+01
-1.127189324437030793e+00 -2.994195841338721209e+01
-1.124687239366138458e+00 -2.993942299337088286e+01
-1.122185154295246123e+00 -2.993940216044422797e+01
-1.119683069224353567e+00 -2.994154264369495877e+01
-1.117180984153461232e+00 -2.997042493184930123e+01
-1.114678899082568897e+00 -3.004176005981819841e+01
-1.112176814011676340e+00 -3.005647575199094135e+01
-1.109674728940784005e+00 -3.005746431871797597e+01
-1.107172643869891671e+00 -3.005858658060190436e+01
-1.104670558798999114e+00 -3.007762607532953680e+01
-1.102168473728106779e+00 -3.031332699331489522e+01
-1.099666388657214444e+00 -3.076962382850944877e+01
-1.097164303586321887e+00 -3.084680915566831771e+01
-1.094662218515429553e+00 -3.085164348295417014e+01
-1.092160133444536996e+00 -3.085401763328346192e+01
-1.089658048373644661e+00 -3.089129906032066231e+01
-1.087155963302752326e+00 -3.130869036271364081e+01
-1.084653878231859991e+00 -3.193784542399501447e+01
-1.082151793160967435e+00 -3.202654534429439792e+01
-1.079649708090075100e+00 -3.203195761396857932e+01
-1.077147623019182543e+00 -3.203458837144646765e+01
-1.074645537948290208e+00 -3.207540298588135386e+01
-1.072143452877397873e+00 -3.248071201600740210e+01
-1.069641367806505539e+00 -3.295423178290701571e+01
-1.067139282735612982e+00 -3.301088345138027336e+01
-1.064637197664720647e+00 -3.301429029349638711e+01
-1.062135112593828090e+00 -3.301627352987057407e+01
-1.059633027522935755e+00 -3.304724023282607703e+01
-1.057130942452043421e+00 -3.331442006036886738e+01
-1.054628857381151086e+00 -3.355573782688919948e+01
-1.052126772310258529e+00 -3.358071755600776953e+01
-1.049624687239366194e+00 -3.358226325746545626e+01
-1.047122602168473637e+00 -3.358433292621620581e+01
-1.044620517097581303e+00 -3.361790237205421050e+01
-1.042118432026688968e+00 -3.386432530505923921e+01
-1.039616346955796633e+00 -3.403631155533309283e+01
-1.037114261884904076e+00 -3.405202427625105344e+01
-1.034612176814011741e+00 -3.405308215484343748e+01
-1.032110091743119185e+00 -3.405613001475625623e+01
-1.029608006672226850e+00 -3.410544088832975973e+01
-1.027105921601334515e+00 -3.440709773072535427e+01
-1.024603836530442180e+00 -3.457005758757764369e+01
-1.022101751459549623e+00 -3.458344377231807698e+01
-1.019599666388657289e+00 -3.458423944259597960e+01
-1.017097581317764732e+00 -3.458503699806035314e+01
-1.014595496246872397e+00 -3.459707097945597098e+01
-1.012093411175980062e+00 -3.465723554624906200e+01
-1.009591326105087727e+00 -3.468249280101989740e+01
-1.007089241034195171e+00 -3.468437735121757726e+01
-1.004587155963302836e+00 -3.468420036994972833e+01
-1.002085070892410279e+00 -3.467909438756354490e+01
-9.995829858215179442e-01 -3.460114745390276170e+01
-9.970809007506254984e-01 -3.428805107114968109e+01
-9.945788156797331636e-01 -3.418523215042676355e+01
-9.920767306088407178e-01 -3.417801494270374008e+01
-9.895746455379482720e-01 -3.417733235508084988e+01
-9.870725604670559372e-01 -3.417224540934590493e+01
-9.845704753961634914e-01 -3.409912334427147584e+01
-9.820683903252710456e-01 -3.386672611470776673e+01
-9.795663052543787108e-01 -3.380647295107355887e+01
-9.770642201834862650e-01 -3.380250569537465566e+01
-9.745621351125938192e-01 -3.380263159269043172e+01
-9.720600500417014844e-01 -3.380882648168248750e+01
-9.695579649708090386e-01 -3.389242000096528784e+01
-9.670558798999165928e-01 -3.410001300693078008e+01
-9.645537948290242580e-01 -3.414303293072613599e+01
-9.620517097581318122e-01 -3.414581772427486328e+01
-9.595496246872393664e-01 -3.414713377665373883e+01
-9.570475396163470316e-01 -3.416785860090148930e+01
-9.545454545454545858e-01 -3.442362666461028198e+01
-9.520433694745621400e-01 -3.491494879391049011e+01
-9.495412844036696942e-01 -3.499756248079446408e+01
-9.470391993327773594e-01 -3.500269195161605751e+01
-9.445371142618849136e-01 -3.500449773893284799e+01
-9.420350291909924678e-01 -3.503141927684832524e+01
-9.395329441201001330e-01 -3.532990226302119652e+01
-9.370308590492076872e-01 -3.577009547702242998e+01
-9.345287739783152414e-01 -3.583123307963884230e+01
-9.320266889074229066e-01 -3.583489089622857193e+01
-9.295246038365304608e-01 -3.583550623796089241e+01
-9.270225187656380150e-01 -3.584274269846161332e+01
-9.245204336947456802e-01 -3.591319237343387982e+01
-9.220183486238532344e-01 -3.599254793757719995e+01
-9.195162635529607886e-01 -3.600182740030111717e+01
-9.170141784820684538e-01 -3.600220422000976583e+01
-9.145120934111760080e-01 -3.599924905530833286e+01
-9.120100083402835622e-01 -3.594812437795481941e+01
-9.095079232693912274e-01 -3.552012029120253089e+01
-9.070058381984987816e-01 -3.515287788578375938e+01
-9.045037531276063358e-01 -3.511584765502662719e+01
-9.020016680567140011e-01 -3.511340193488678096e+01
-8.994995829858215552e-01 -3.510742421351480402e+01
-8.969974979149291094e-01 -3.500916824601892330e+01
-8.944954128440367747e-01 -3.431947030550125532e+01
-8.919933277731443289e-01 -3.386881074165312100e+01
-8.894912427022518830e-01 -3.382883127719251348e+01
-8.869891576313594372e-01 -3.382647021975644464e+01
-8.844870725604671025e-01 -3.382462498531639739e+01
-8.819849874895746566e-01 -3.379658939532442474e+01
-8.794829024186822108e-01 -3.363532998761789372e+01
-8.769808173477898761e-01 -3.355490197747734271e+01
-8.744787322768974303e-01 -3.354851961933400872e+01
-8.719766472060049844e-01 -3.354873103616476726e+01
-8.694745621351126497e-01 -3.355904844872109294e+01
-8.669724770642202039e-01 -3.372113969651089604e+01
-8.644703919933277581e-01 -3.446946516582331554e+01
-8.619683069224354233e-01 -3.475584218816761961e+01
-8.594662218515429775e-01 -3.477683707567586424e+01
-8.569641367806505317e-01 -3.477903447943890569e+01
-8.544620517097581969e-01 -3.479762836337248899e+01
-8.519599666388657511e-01 -3.507402198495767465e+01
-8.494578815679733053e-01 -3.607893031860096755e+01
-8.469557964970809705e-01 -3.637645783316946790e+01
-8.444537114261885247e-01 -3.639678951672654961e+01
-8.419516263552960789e-01 -3.639852804107170670e+01
-8.394495412844037441e-01 -3.640954499583912707e+01
-8.369474562135112983e-01 -3.656268613520662569e+01
-8.344453711426188525e-01 -3.699426775243739485e+01
-8.319432860717265177e-01 -3.709428836153028897e+01
-8.294412010008340719e-01 -3.710073386290904551e+01
-8.269391159299416261e-01 -3.710076766003959392e+01
-8.244370308590491803e-01 -3.709500959880599424e+01
-8.219349457881568455e-01 -3.702068313213031558e+01
-8.194328607172643997e-01 -3.686039113124937927e+01
-8.169307756463719539e-01 -3.683086381541936305e+01
-8.144286905754796191e-01 -3.682899255066205768e+01
-8.119266055045871733e-01 -3.682813373342381169e+01
-8.094245204336947275e-01 -3.681472935692065818e+01
-8.069224353628023927e-01 -3.665944862217625655e+01
-8.044203502919099469e-01 -3.640572116526239199e+01
-8.019182652210175011e-01 -3.636787640937473043e+01
-7.994161801501251663e-01 -3.636559819518354431e+01
-7.969140950792327205e-01 -3.636535314773101391e+01
-7.944120100083402747e-01 -3.636325126564532439e+01
-7.919099249374479399e-01 -3.634190021079015764e+01
-7.894078398665554941e-01 -3.631565031191113491e+01
-7.869057547956630483e-01 -3.631241510010795537e+01
-7.844036697247707135e-01 -3.631230879378823317e+01
-7.819015846538782677e-01 -3.631381727280901117e+01
-7.793994995829858219e-01 -3.633995474340748189e+01
-7.768974145120934871e-01 -3.656817626082180794e+01
-7.743953294412010413e-01 -3.677844683661998459e+01
-7.718932443703085955e-01 -3.680044727318859543e+01
-7.693911592994162607e-01 -3.680190860929103280e+01
-7.668890742285238149e-01 -3.680552849398941362e+01
-7.643869891576313691e-01 -3.686533190543838145e+01
-7.618849040867389233e-01 -3.730085296947949303e+01
-7.593828190158465885e-01 -3.760120727686155817e+01
-7.568807339449541427e-01 -3.762849970873967465e+01
-7.543786488740616969e-01 -3.763030112900403878e+01
-7.518765638031693621e-01 -3.763495087693141272e+01
-7.493744787322769163e-01 -3.770963339032367401e+01
-7.468723936613844705e-01 -3.815157778196487470e+01
-7.443703085904921357e-01 -3.838015699558901872e+01
-7.418682235195996899e-01 -3.839863659905170579e+01
-7.393661384487072441e-01 -3.839984822625175553e+01
-7.368640533778149093e-01 -3.840302598089301256e+01
-7.343619683069224635e-01 -3.845211533315364960e+01
-7.318598832360300177e-01 -3.868249862608936951e+01
-7.293577981651376829e-01 -3.877233807760845963e+01
-7.268557130942452371e-01 -3.877894096211365138e+01
-7.243536280233527913e-01 -3.877925716953889435e+01
-7.218515429524604565e-01 -3.877832681104263202e+01
-7.193494578815680107e-01 -3.876414199920414205e+01
-7.168473728106755649e-01 -3.871245987838540970e+01
-7.143452877397832301e-01 -3.869712533991874892e+01
-7.118432026688907843e-01 -3.869605384427114814e+01
-7.093411175979983385e-01 -3.869554213765769646e+01
-7.068390325271060037e-01 -3.868740516064683277e+01
-7.043369474562135579e-01 -3.857417394410450129e+01
-7.018348623853211121e-01 -3.825969759303113449e+01
-6.993327773144286663e-01 -3.818777356862253924e+01
-6.968306922435363315e-01 -3.818308482707050899e+01
-6.943286071726438857e-01 -3.818185293736006258e+01
-6.918265221017514399e-01 -3.816446442562229890e+01
-6.893244370308591051e-01 -3.794347394062573642e+01
-6.868223519599666593e-01 -3.748231577337101328e+01
-6.843202668890742135e-01 -3.739958369943451544e+01
-6.818181818181818787e-01 -3.739441611029521084e+01
-6.793160967472894329e-01 -3.739298684321791910e+01
-6.768140116763969871e-01 -3.737271988959400204e+01
-6.743119266055046523e-01 -3.714309767109870819e+01
-6.718098415346122065e-01 -3.678695115765268753e+01
-6.693077564637197607e-01 -3.673574201604660772e+01
-6.668056713928274259e-01 -3.673263505799762640e+01
-6.643035863219349801e-01 -3.673158425947870143e+01
-6.618015012510425343e-01 -3.671620580187518357e+01
-6.592994161801501996e-01 -3.656512644601197337e+01
-6.567973311092577537e-01 -3.639223497470684521e+01
-6.542952460383653079e-01 -3.637180425840243458e+01
-6.517931609674729732e-01 -3.637055562430845868e+01
-6.492910758965805273e-01 -3.636944574261249841e+01
-6.467889908256880815e-01 -3.635157896450707682e+01
-6.442869057547957468e-01 -3.620383042404405671e+01
-6.417848206839033010e-01 -3.607955773653200993e+01
-6.392827356130108551e-01 -3.606715410172687086e+01
-6.367806505421185204e-01 -3.606636583835233267e+01
-6.342785654712260746e-01 -3.606491508985322980e+01
-6.317764804003336288e-01 -3.604137204919571502e+01
-6.292743953294411829e-01 -3.588243462803744421e+01
-6.267723102585488482e-01 -3.578420418034986739e+01
-6.242702251876564024e-01 -3.577568956170816250e+01
-6.217681401167639565e-01 -3.577513549412357463e+01
-6.192660550458716218e-01 -3.577379494077693067e+01
-6.167639699749791760e-01 -3.575263705394338842e+01
-6.142618849040867302e-01 -3.563937777523134542e+01
-6.117597998331943954e-01 -3.558775799174581067e+01
-6.092577147623019496e-01 -3.558376066724400033e+01
-6.067556296914095038e-01 -3.558338665642889254e+01
-6.042535446205171690e-01 -3.558065974558058286e+01
-6.017514595496247232e-01 -3.553901269768260107e+01
-5.992493744787322774e-01 -3.536681285083444237e+01
-5.967472894078399426e-01 -3.530848211297143280e+01
-5.942452043369474968e-01 -3.530435025402431393e+01
-5.917431192660550510e-01 -3.530389939392706822e+01
-5.892410341951627162e-01 -3.529990728937996636e+01
-5.867389491242702704e-01 -3.524271653396660753e+01
-5.842368640533778246e-01 -3.506413234166943482e+01
-5.817347789824854898e-01 -3.501860409851419575e+01
-5.792326939115930440e-01 -3.501560755923566859e+01
-5.767306088407005982e-01 -3.501552302609772482e+01
-5.742285237698082634e-01 -3.501697559155796569e+01
-5.717264386989158176e-01 -3.503623031756855966e+01
-5.692243536280233718e-01 -3.508082072504486604e+01
-5.667222685571309260e-01 -3.508953004346373206e+01
-5.642201834862385912e-01 -3.509009074498202096e+01
-5.617180984153461454e-01 -3.509040614794739810e+01
-5.592160133444536996e-01 -3.509545831094788326e+01
-5.567139282735613648e-01 -3.515485373259795665e+01
-5.542118432026689190e-01 -3.525545987955215566e+01
-5.517097581317764732e-01 -3.527085672013392070e+01
-5.492076730608841384e-01 -3.527174633827642936e+01
-5.467055879899916926e-01 -3.527110528704537984e+01
-5.442035029190992468e-01 -3.525900949250598160e+01
-5.417014178482069120e-01 -3.513582075153308182e+01
-5.391993327773144662e-01 -3.498463722177340429e+01
-5.366972477064220204e-01 -3.496599308394630867e+01
-5.341951626355296856e-01 -3.496479093278611572e+01
-5.316930775646372398e-01 -3.496273045282853076e+01
-5.291909924937447940e-01 -3.492839462650844240e+01
-5.266889074228524592e-01 -3.463570913807026841e+01
-5.241868223519600134e-01 -3.437682315078315298e+01
-5.216847372810675676e-01 -3.435031780385751432e+01
-5.191826522101752328e-01 -3.434873253863255371e+01
-5.166805671392827870e-01 -3.434750619242521452e+01
-5.141784820683903412e-01 -3.432839231720832629e+01
-5.116763969974980064e-01 -3.419661509344536654e+01
-5.091743119266055606e-01 -3.411268752534922299e+01
-5.066722268557131148e-01 -3.410533011392418956e+01
-5.041701417848206690e-01 -3.410502645611622796e+01
-5.016680567139283342e-01 -3.410705678922401063e+01
-4.991659716430358884e-01 -3.414015568134670531e+01
-4.966638865721435536e-01 -3.431877726283998697e+01
-4.941618015012509968e-01 -3.440099163078818378e+01
-4.916597164303586620e-01 -3.440738436597817440e+01
-4.891576313594663272e-01 -3.440807390096568241e+01
-4.866555462885737704e-01 -3.441408753250377117e+01
-4.841534612176814356e-01 -3.450587717844132385e+01
-4.816513761467891008e-01 -3.488208463682042293e+01
-4.791492910758965440e-01 -3.500832168251394449e+01
-4.766472060050042092e-01 -3.501724514384595466e+01
-4.741451209341118744e-01 -3.501829600499104345e+01
-4.716430358632193176e-01 -3.502830499887516424e+01
-4.691409507923269828e-01 -3.517069182015607254e+01
-4.666388657214346480e-01 -3.560286188738700730e+01
-4.641367806505420912e-01 -3.571012475123607999e+01
-4.616346955796497564e-01 -3.571717915890294393e+01
-4.591326105087574216e-01 -3.571801916661759435e+01
-4.566305254378648648e-01 -3.572607645882020222e+01
-4.541284403669725300e-01 -3.583020541251751467e+01
-4.516263552960801952e-01 -3.605959929505954875e+01
-4.491242702251876384e-01 -3.610258959760839303e+01
-4.466221851542953036e-01 -3.610524014539634408e+01
-4.441201000834029688e-01 -3.610500007141539669e+01
-4.416180150125104120e-01 -3.609816289597440431e+01
-4.391159299416180772e-01 -3.602003053702620150e+01
-4.366138448707257425e-01 -3.589693175237464828e+01
-4.341117597998331856e-01 -3.587903456003392932e+01
-4.316096747289408508e-01 -3.587789950021144847e+01
-4.291075896580485161e-01 -3.587666280734356405e+01
-4.266055045871559592e-01 -3.585617023453029617e+01
-4.241034195162636244e-01 -3.565736344718918360e+01
-4.216013344453712897e-01 -3.543550033992391946e+01
-4.190992493744787328e-01 -3.540967282994444076e+01
-4.165971643035863980e-01 -3.540814309617274347e+01
-4.140950792326940633e-01 -3.540758327455769461e+01
-4.115929941618015064e-01 -3.539945697991715434e+01
-4.090909090909091717e-01 -3.533499480142319271e+01
-4.065888240200166148e-01 -3.528426758580138056e+01
-4.040867389491242800e-01 -3.527937217679377113e+01
-4.015846538782319453e-01 -3.527914049952012476e+01
-3.990825688073393884e-01 -3.527999743090784790e+01
-3.965804837364470536e-01 -3.529438347783775498e+01
-3.940783986655547189e-01 -3.538424392299493348e+01
-3.915763135946621620e-01 -3.543414784023430997e+01
-3.890742285237698272e-01 -3.543828571725969567e+01
-3.865721434528774925e-01 -3.543843948905894337e+01
-3.840700583819849356e-01 -3.543701023428891261e+01
-3.815679733110926009e-01 -3.541428563151718123e+01
-3.790658882402002661e-01 -3.530654561130034352e+01
-3.765638031693077092e-01 -3.526404107585336334e+01
-3.740617180984153745e-01 -3.526087939056415621e+01
-3.715596330275230397e-01 -3.526023888790504657e+01
-3.690575479566304828e-01 -3.525185086978721927e+01
-3.665554628857381481e-01 -3.512808978290087225e+01
-3.640533778148458133e-01 -3.469647001423533084e+01
-3.615512927439532564e-01 -3.457392606445458938e+01
-3.590492076730609217e-01 -3.456561895059774514e+01
-3.565471226021685869e-01 -3.456460158972296171e+01
-3.540450375312760301e-01 -3.455459516935195552e+01
-3.515429524603836953e-01 -3.441987174789246495e+01
-3.490408673894913605e-01 -3.408289174663418208e+01
-3.465387823185988037e-01 -3.401262936516352653e+01
-3.440366972477064689e-01 -3.400818085014343950e+01
-3.415346121768141341e-01 -3.400794655499261410e+01
-3.390325271059215773e-01 -3.400814075766178490e+01
-3.365304420350292425e-01 -3.401062025785059006e+01
-3.340283569641369077e-01 -3.401498621199958450e+01
-3.315262718932443509e-01 -3.401567490995952880e+01
-3.290241868223520161e-01 -3.401574145919093439e+01
-3.265221017514596813e-01 -3.401619821115573927e+01
-3.240200166805671245e-01 -3.402414051290702446e+01
-3.215179316096747897e-01 -3.410487761281223840e+01
-3.190158465387824549e-01 -3.420363760988981028e+01
-3.165137614678898981e-01 -3.421578786385568094e+01
-3.140116763969975633e-01 -3.421649286804171908e+01
-3.115095913261052285e-01 -3.421640860128507455e+01
-3.090075062552126717e-01 -3.421429875576890822e+01
-3.065054211843203369e-01 -3.419678717204183016e+01
-3.040033361134280021e-01 -3.418199783085134413e+01
-3.015012510425354453e-01 -3.418051528612425471e+01
-2.989991659716431105e-01 -3.418035881488134464e+01
-2.964970809007507757e-01 -3.417905299232714356e+01
-2.939949958298582189e-01 -3.415748182917547382e+01
-2.914929107589658841e-01 -3.401784458079178108e+01
-2.889908256880735493e-01 -3.393644400229296565e+01
-2.864887406171809925e-01 -3.392955016059849527e+01
-2.839866555462886577e-01 -3.392902820070585079e+01
-2.814845704753961009e-01 -3.392659898148522046e+01
-2.789824854045037661e-01 -3.388849426330357062e+01
-2.764804003336114313e-01 -3.370369086418531879e+01
-2.739783152627188745e-01 -3.362883987621702886e+01
-2.714762301918265397e-01 -3.362325922966349623e+01
-2.689741451209342049e-01 -3.362271277712218165e+01
-2.664720600500416481e-01 -3.361845999905273885e+01
-2.639699749791493133e-01 -3.355581205106377496e+01
-2.614678899082569785e-01 -3.333614976585468526e+01
-2.589658048373644217e-01 -3.327344810278426479e+01
-2.564637197664720869e-01 -3.326919383113364859e+01
-2.539616346955797521e-01 -3.326870202359917528e+01
-2.514595496246871953e-01 -3.326410364408814502e+01
-2.489574645537948605e-01 -3.320249955956973764e+01
-2.464553794829025257e-01 -3.305073293441825655e+01
-2.439532944120099689e-01 -3.301949923632945882e+01
-2.414512093411176341e-01 -3.301752333843617038e+01
-2.389491242702252993e-01 -3.301736262342873118e+01
-2.364470391993327425e-01 -3.301644255485185653e+01
-2.339449541284404077e-01 -3.300568888974473936e+01
-2.314428690575480729e-01 -3.298745976357140819e+01
-2.289407839866555161e-01 -3.298466551366627897e+01
-2.264386989157631813e-01 -3.298445203375489854e+01
-2.239366138448708465e-01 -3.298361893050093130e+01
-2.214345287739782897e-01 -3.296926335557655818e+01
-2.189324437030859549e-01 -3.282773692815188582e+01
-2.164303586321936201e-01 -3.266484318625001748e+01
-2.139282735613010633e-01 -3.264551992973976979e+01
-2.114261884904087285e-01 -3.264419682090227326e+01
-2.089241034195163937e-01 -3.264056452899265537e+01
-2.064220183486238369e-01 -3.257984363831143071e+01
-2.039199332777315021e-01 -3.210187016527750359e+01
-2.014178482068391673e-01 -3.173058555569556205e+01
-1.989157631359466105e-01 -3.169494282557582565e+01
-1.964136780650542757e-01 -3.169261644731447447e+01
-1.939115929941619410e-01 -3.168720229196842908e+01
-1.914095079232693841e-01 -3.160029498826634153e+01
-1.889074228523770493e-01 -3.108002906593964454e+01
-1.864053377814847146e-01 -3.080685638191517484e+01
-1.839032527105921577e-01 -3.078464698184107817e+01
-1.814011676396998229e-01 -3.078317109748357794e+01
-1.788990825688074882e-01 -3.077900822030983008e+01
-1.763969974979149313e-01 -3.071552826562260208e+01
-1.738949124270225965e-01 -3.043911865498819935e+01
-1.713928273561302618e-01 -3.034004623590395866e+01
-1.688907422852377049e-01 -3.033293383734357107e+01
-1.663886572143453701e-01 -3.033244869334540539e+01
-1.638865721434530354e-01 -3.033083060129659358e+01
-1.613844870725604785e-01 -3.030802627349958911e+01
-1.588824020016681438e-01 -3.023844400590409265e+01
-1.563803169307758090e-01 -3.022108831169925480e+01
-1.538782318598832521e-01 -3.021996526303471242e+01
-1.513761467889909174e-01 -3.022018761004023446e+01
-1.488740617180983605e-01 -3.022526879357369367e+01
-1.463719766472060257e-01 -3.028985076378309316e+01
-1.438698915763136910e-01 -3.042408045785614945e+01
-1.413678065054211341e-01 -3.044808433129027136e+01
-1.388657214345287993e-01 -3.044957895263819836e+01
-1.363636363636364646e-01 -3.044992156989492926e+01
-1.338615512927439077e-01 -3.045451096683109782e+01
-1.313594662218515730e-01 -3.050401736506869810e+01
-1.288573811509592382e-01 -3.057276207499544896e+01
-1.263552960800666813e-01 -3.058192943832598587e+01
-1.238532110091743466e-01 -3.058240726734568682e+01
-1.213511259382820118e-01 -3.058126154222661697e+01
-1.188490408673894549e-01 -3.056103782563969062e+01
-1.163469557964971202e-01 -3.038481033235781226e+01
-1.138448707256047854e-01 -3.022302667152200684e+01
-1.113427856547122285e-01 -3.020613905993455006e+01
-1.088407005838198938e-01 -3.020515522799198038e+01
-1.063386155129275590e-01 -3.020488495169528065e+01
-1.038365304420350022e-01 -3.020127305972476606e+01
-1.013344453711426674e-01 -3.017724993857345694e+01
-9.883236030025033259e-02 -3.016269587997411250e+01
-9.633027522935777576e-02 -3.016146043902620022e+01
-9.382819015846544097e-02 -3.016166847080520697e+01
-9.132610508757310619e-02 -3.016670607846453223e+01
-8.882402001668054936e-02 -3.024642054018954340e+01
-8.632193494578821458e-02 -3.063131219173316566e+01
-8.381984987489587979e-02 -3.078639350782991002e+01
-8.131776480400332296e-02 -3.079790598407569036e+01
-7.881567973311098818e-02 -3.079846379382278698e+01
-7.631359466221865340e-02 -3.079695254466219723e+01
-7.381150959132609657e-02 -3.077432911857235354e+01
-7.130942452043376178e-02 -3.069851589238144385e+01
-6.880733944954142700e-02 -3.067782262843039121e+01
-6.630525437864887017e-02 -3.067636903752040922e+01
-6.380316930775653539e-02 -3.067503503421690070e+01
-6.130108423686420061e-02 -3.065259201862363270e+01
-5.879899916597164378e-02 -3.035988643173476476e+01
-5.629691409507930899e-02 -2.970203017796874434e+01
-5.379482902418697421e-02 -2.957669839512954724e+01
-5.129274395329441738e-02 -2.956885912337108380e+01
-4.879065888240208260e-02 -2.956790646907736431e+01
-4.628857381150974781e-02 -2.955870207826837870e+01
-4.378648874061719098e-02 -2.945691803512494999e+01
-4.128440366972485620e-02 -2.930702154275097371e+01
-3.878231859883252142e-02 -2.928622544363451752e+01
-3.628023352793996459e-02 -2.928503616895858386e+01
-3.377814845704762980e-02 -2.928582631866148844e+01
-3.127606338615529502e-02 -2.930062226000057635e+01
-2.877397831526273819e-02 -2.943234901689314853e+01
-2.627189324437040341e-02 -2.955783568875497380e+01
-2.376980817347784658e-02 -2.957117471179574508e+01
-2.126772310258551180e-02 -2.957156584376717134e+01
-1.876563803169317701e-02 -2.956472606010149207e+01
-1.626355296080062018e-02 -2.945002702205162493e+01
-1.376146788990828540e-02 -2.867868549877735873e+01
-1.125938281901595062e-02 -2.820461656712002707e+01
-8.757297748123393788e-03 -2.816358306512347198e+01
-6.255212677231059004e-03 -2.816025208569657678e+01
-3.753127606338724220e-03 -2.814180292860729793e+01
-1.251042535446167392e-03 -2.785244855843667722e+01
1.251042535446167392e-03 -2.646464476802632859e+01
3.753127606338502176e-03 -2.590977027863237225e+01
6.255212677231059004e-03 -2.586864969261287683e+01
8.757297748123393788e-03 -2.586616092526260502e+01
1.125938281901572857e-02 -2.586259371184675970e+01
1.376146788990828540e-02 -2.581259479994407968e+01
1.626355296080062018e-02 -2.564970946089519899e+01
1.876563803169295497e-02 -2.560645786484093733e+01
2.126772310258551180e-02 -2.560363365183648554e+01
2.376980817347784658e-02 -2.560443286486827219e+01
2.627189324437018136e-02 -2.562151441310697564e+01
2.877397831526273819e-02 -2.584056468827523290e+01
3.127606338615507298e-02 -2.630790868158041818e+01
3.377814845704740776e-02 -2.639323869904678688e+01
3.628023352793996459e-02 -2.639835772731193231e+01
3.878231859883229937e-02 -2.639570427301246269e+01
4.128440366972463416e-02 -2.634400468806620665e+01
4.378648874061719098e-02 -2.579024598900823406e+01
4.628857381150952577e-02 -2.503512576259113231e+01
4.879065888240186055e-02 -2.493555483947823959e+01
5.129274395329441738e-02 -2.492917877781698621e+01
5.379482902418675216e-02 -2.491983457235523147e+01
5.629691409507908695e-02 -2.476527579195094120e+01
5.879899916597164378e-02 -2.346876113846930423e+01
6.130108423686397856e-02 -2.235234644483769273e+01
6.380316930775631334e-02 -2.223962322562709204e+01
6.630525437864887017e-02 -2.223313409724580580e+01
6.880733944954120496e-02 -2.223236287230205122e+01
7.130942452043353974e-02 -2.222550168338607790e+01
7.381150959132609657e-02 -2.218343877576382539e+01
7.631359466221843135e-02 -2.216057074868016485e+01
7.881567973311076614e-02 -2.215874104358618268e+01
8.131776480400332296e-02 -2.215960729341413682e+01
8.381984987489565775e-02 -2.217715956129372756e+01
8.632193494578799253e-02 -2.244788677041083247e+01
8.882402001668054936e-02 -2.359510912396306992e+01
9.132610508757288414e-02 -2.399419249305962154e+01
9.382819015846521893e-02 -2.402255450279597682e+01
9.633027522935777576e-02 -2.402358234655296343e+01
9.883236030025011054e-02 -2.401372870364593837e+01
1.013344453711426674e-01 -2.387531375295189306e+01
1.038365304420350022e-01 -2.349051094603624534e+01
1.063386155129273369e-01 -2.340241396932756857e+01
1.088407005838198938e-01 -2.339644849354681710e+01
1.113427856547122285e-01 -2.339089325051952173e+01
1.138448707256045633e-01 -2.329797643646087124e+01
1.163469557964971202e-01 -2.218843525195187638e+01
1.188490408673894549e-01 -2.023456189474615030e+01
1.213511259382817897e-01 -1.992686017646689223e+01
1.238532110091743466e-01 -1.990801770487440336e+01
1.263552960800666813e-01 -1.990278175296215224e+01
1.288573811509590161e-01 -1.982956628355285389e+01
1.313594662218515730e-01 -1.912750019231225806e+01
1.338615512927439077e-01 -1.836034084480148820e+01
1.363636363636362425e-01 -1.827216419057783270e+01
1.388657214345287993e-01 -1.826760132304969275e+01
1.413678065054211341e-01 -1.827758037294395521e+01
1.438698915763134689e-01 -1.845004275361305091e+01
1.463719766472060257e-01 -1.968622937029825337e+01
1.488740617180983605e-01 -2.051881598787311489e+01
1.513761467889906953e-01 -2.059369540242043328e+01
1.538782318598832521e-01 -2.059884661990800225e+01
1.563803169307755869e-01 -2.061544267593918534e+01
1.588824020016679217e-01 -2.087567313720180096e+01
1.613844870725604785e-01 -2.217294749799497922e+01
1.638865721434528133e-01 -2.271561045375267085e+01
1.663886572143451481e-01 -2.275629752659714455e+01
1.688907422852377049e-01 -2.275694342579238594e+01
1.713928273561300397e-01 -2.272765421826465726e+01
1.738949124270223745e-01 -2.230010226305835630e+01
1.763969974979149313e-01 -2.090402070177619720e+01
1.788990825688072661e-01 -2.053249747822145466e+01
1.814011676396996009e-01 -2.050744837848853308e+01
1.839032527105921577e-01 -2.050008797079059164e+01
1.864053377814844925e-01 -2.039337676942288979e+01
1.889074228523768273e-01 -1.904641178708382654e+01
1.914095079232693841e-01 -1.629042069378575519e+01
1.939115929941617189e-01 -1.580367316817388890e+01
1.964136780650540537e-01 -1.577348817295947825e+01
1.989157631359466105e-01 -1.576769535273581901e+01
2.014178482068389453e-01 -1.569520100711512711e+01
2.039199332777312801e-01 -1.495205781405263679e+01
2.064220183486238369e-01 -1.402506101496605062e+01
2.089241034195161717e-01 -1.390964592992598092e+01
2.114261884904085065e-01 -1.390342285572685732e+01
2.139282735613010633e-01 -1.391302976611204301e+01
2.164303586321933981e-01 -1.408230086579867724e+01
2.189324437030857329e-01 -1.538752918143648074e+01
2.214345287739782897e-01 -1.636895804104802821e+01
2.239366138448706245e-01 -1.646174937297902119e+01
2.264386989157629593e-01 -1.646814606273700932e+01
2.289407839866555161e-01 -1.648854214517797345e+01
2.314428690575478509e-01 -1.681221915723859084e+01
2.339449541284404077e-01 -1.854399745518951903e+01
2.364470391993327425e-01 -1.933276433134802375e+01
2.389491242702250773e-01 -1.939366625241274278e+01
2.414512093411176341e-01 -1.939635691057778999e+01
2.439532944120099689e-01 -1.938347773729483237e+01
2.464553794829023037e-01 -1.919073497432891884e+01
2.489574645537948605e-01 -1.852229675448153401e+01
2.514595496246871953e-01 -1.833357024253252376e+01
2.539616346955795301e-01 -1.832054223251849834e+01
2.564637197664720869e-01 -1.831438052862709043e+01
2.589658048373644217e-01 -1.821710329467356004e+01
2.614678899082567565e-01 -1.697015746108681000e+01
2.639699749791493133e-01 -1.430599279787608502e+01
2.664720600500416481e-01 -1.381891999465087117e+01
2.689741451209339829e-01 -1.378831567553511483e+01
2.714762301918265397e-01 -1.377828582794010970e+01
2.739783152627188745e-01 -1.363171932968872113e+01
2.764804003336112093e-01 -1.211191435562652785e+01
2.789824854045037661e-01 -1.017320503401262499e+01
2.814845704753961009e-01 -9.928346006964368087e+00
2.839866555462884357e-01 -9.913890227450696813e+00
2.864887406171809925e-01 -9.911868125138084906e+00
2.889908256880733273e-01 -9.890957433853539982e+00
2.914929107589656621e-01 -9.730081517994198848e+00
2.939949958298582189e-01 -9.609134514665834459e+00
2.964970809007505537e-01 -9.597764036975586777e+00
2.989991659716428885e-01 -9.598150461984163329e+00
3.015012510425354453e-01 -9.616903459421131117e+00
3.040033361134277801e-01 -9.918450285476399841e+00
3.065054211843201148e-01 -1.150319666453748724e+01
3.090075062552126717e-01 -1.220935548608446553e+01
3.115095913261050065e-01 -1.226360867757677298e+01
3.140116763969973412e-01 -1.226833754674811416e+01
3.165137614678898981e-01 -1.229899068596141021e+01
3.190158465387822329e-01 -1.274426185419970814e+01
3.215179316096745676e-01 -1.422630251473975704e+01
3.240200166805671245e-01 -1.462811042467370015e+01
3.265221017514594593e-01 -1.465490164543314222e+01
3.290241868223517940e-01 -1.465532382674711975e+01
3.315262718932443509e-01 -1.463640909770124843e+01
3.340283569641366856e-01 -1.439844814786143345e+01
3.365304420350290204e-01 -1.392275215701839208e+01
3.390325271059215773e-01 -1.384023819526874277e+01
3.415346121768139120e-01 -1.383472076194018818e+01
3.440366972477062468e-01 -1.382616232543865920e+01
3.465387823185988037e-01 -1.368180827813995037e+01
3.490408673894911384e-01 -1.225082412667868148e+01
3.515429524603834732e-01 -1.058572289227499752e+01
3.540450375312760301e-01 -1.038697034983295175e+01
3.565471226021683648e-01 -1.037460086800990489e+01
3.590492076730609217e-01 -1.035999637566775888e+01
3.615512927439532564e-01 -1.012530402521122141e+01
3.640533778148455912e-01 -8.448882686778894424e+00
3.665554628857381481e-01 -7.325132267572863398e+00
3.690575479566304828e-01 -7.224309000472367792e+00
3.715596330275228176e-01 -7.217971890689255154e+00
3.740617180984153745e-01 -7.206483807525406071e+00
3.765638031693077092e-01 -7.030677472455202803e+00
3.790658882402000440e-01 -6.204809211993651097e+00
3.815679733110926009e-01 -5.882392591066242460e+00
3.840700583819849356e-01 -5.858674392337665182e+00
3.865721434528772704e-01 -5.857289264953372765e+00
3.890742285237698272e-01 -5.856130712237489711e+00
3.915763135946621620e-01 -5.840873501037702198e+00
3.940783986655544968e-01 -5.797125046728123010e+00
3.965804837364470536e-01 -5.786825881823925322e+00
3.990825688073393884e-01 -5.786221094807896037e+00
4.015846538782317232e-01 -5.787333227135474267e+00
4.040867389491242800e-01 -5.807662628568718510e+00
4.065888240200166148e-01 -6.045120487772191353e+00
4.090909090909089496e-01 -6.440539874897107886e+00
4.115929941618015064e-01 -6.500332795908332351e+00
4.140950792326938412e-01 -6.504109310659345944e+00
4.165971643035861760e-01 -6.507603168536638449e+00
4.190992493744787328e-01 -6.564406045080252383e+00
4.216013344453710676e-01 -7.066711173505610510e+00
4.241034195162634024e-01 -7.539964899264232301e+00
4.266055045871559592e-01 -7.590056256362997189e+00
4.291075896580482940e-01 -7.593054138521041274e+00
4.316096747289406288e-01 -7.595231629053412981e+00
4.341117597998331856e-01 -7.628374984992365881e+00
4.366138448707255204e-01 -7.828686656296420132e+00
4.391159299416178552e-01 -7.935209954720938264e+00
4.416180150125104120e-01 -7.943874785417918361e+00
4.441201000834027468e-01 -7.943774680738011185e+00
4.466221851542950816e-01 -7.933169255674417997e+00
4.491242702251876384e-01 -7.773295264436050012e+00
4.516263552960799732e-01 -7.170997207258285933e+00
4.541284403669723080e-01 -6.986058536946437414e+00
4.566305254378648648e-01 -6.973231567530659092e+00
4.591326105087571996e-01 -6.970774452917893882e+00
4.616346955796495344e-01 -6.939532352729461451e+00
4.641367806505420912e-01 -6.535865214174156890e+00
4.666388657214344260e-01 -5.650893523669030749e+00
4.691409507923267608e-01 -5.485684936311577609e+00
4.716430358632193176e-01 -5.475271109917141388e+00
4.741451209341116524e-01 -5.471907052553112827e+00
4.766472060050039872e-01 -5.422984668584774681e+00
4.791492910758965440e-01 -4.925609261934821959e+00
4.816513761467888788e-01 -4.316304581884028657e+00
4.841534612176812136e-01 -4.241259062625031717e+00
4.866555462885737704e-01 -4.236624423179041976e+00
4.891576313594661052e-01 -4.232049196928700852e+00
4.916597164303586620e-01 -4.159183455328535395e+00
4.941618015012509968e-01 -3.636213608309927015e+00
4.966638865721433316e-01 -3.283175621963059232e+00
4.991659716430358884e-01 -3.251393689286760758e+00
5.016680567139282232e-01 -3.249224779028937693e+00
5.041701417848205580e-01 -3.242507805361692252e+00
5.066722268557128928e-01 -3.138998450082733704e+00
5.091743119266052275e-01 -2.667613444396027322e+00
5.116763969974980064e-01 -2.489978785524112226e+00
5.141784820683903412e-01 -2.477028339007012470e+00
5.166805671392826760e-01 -2.475912999053185182e+00
5.191826522101750108e-01 -2.468818856137996676e+00
5.216847372810673455e-01 -2.371872667352107111e+00
5.241868223519596803e-01 -2.114437206119590407e+00
5.266889074228524592e-01 -2.057876102787537409e+00
5.291909924937447940e-01 -2.054245658177216161e+00
5.316930775646371288e-01 -2.053797780066276779e+00
5.341951626355294636e-01 -2.049423159493804825e+00
5.366972477064217983e-01 -2.001123073850973100e+00
5.391993327773141331e-01 -1.930252569294652165e+00
5.417014178482069120e-01 -1.920443124640009991e+00
5.442035029190992468e-01 -1.919853738916029950e+00
5.467055879899915816e-01 -1.919704934391515572e+00
5.492076730608839163e-01 -1.917715748646836138e+00
5.517097581317762511e-01 -1.901877495038344357e+00
5.542118432026690300e-01 -1.889333288103731023e+00
5.567139282735613648e-01 -1.888117842270227165e+00
5.592160133444536996e-01 -1.888040340065077816e+00
5.617180984153460344e-01 -1.887890301218510203e+00
5.642201834862383691e-01 -1.885555070582538573e+00
5.667222685571307039e-01 -1.873637652907809592e+00
5.692243536280234828e-01 -1.868511321852454499e+00
5.717264386989158176e-01 -1.868121793679855092e+00
5.742285237698081524e-01 -1.868084113388109424e+00
5.767306088407004871e-01 -1.867796993421219076e+00
5.792326939115928219e-01 -1.863743523443911920e+00
5.817347789824851567e-01 -1.851721978834009574e+00
5.842368640533779356e-01 -1.848802044744925155e+00
5.867389491242702704e-01 -1.848610162916772826e+00
5.892410341951626052e-01 -1.848574345606028846e+00
5.917431192660549399e-01 -1.848127226564398651e+00
5.942452043369472747e-01 -1.842975315406973014e+00
5.967472894078396095e-01 -1.834647741658079090e+00
5.992493744787323884e-01 -1.833415057429897077e+00
6.017514595496247232e-01 -1.833339062930356755e+00
6.042535446205170580e-01 -1.833297062379091402e+00
6.067556296914093927e-01 -1.832647368575342162e+00
6.092577147623017275e-01 -1.827221936453068185e+00
6.117597998331940623e-01 -1.822583230817619526e+00
6.142618849040868412e-01 -1.822116330913309046e+00
6.167639699749791760e-01 -1.822085377753052571e+00
6.192660550458715107e-01 -1.822007998826416841e+00
6.217681401167638455e-01 -1.820786662384972443e+00
6.242702251876561803e-01 -1.814274999020653256e+00
6.267723102585485151e-01 -1.811321787839202502e+00
6.292743953294412940e-01 -1.811093543280552831e+00
6.317764804003336288e-01 -1.811073407252991263e+00
6.342785654712259635e-01 -1.810940385844033162e+00
6.367806505421182983e-01 -1.809048940779278913e+00
6.392827356130106331e-01 -1.803262799025191487e+00
6.417848206839029679e-01 -1.801816041286474102e+00
6.442869057547957468e-01 -1.801720698613430427e+00
6.467889908256880815e-01 -1.801708559602684057e+00
6.492910758965804163e-01 -1.801586689025319599e+00
6.517931609674727511e-01 -1.800176990912637942e+00
6.542952460383650859e-01 -1.797870966164580864e+00
6.567973311092574207e-01 -1.797526752332279765e+00
6.592994161801501996e-01 -1.797506386822150137e+00
6.618015012510425343e-01 -1.797510688368904042e+00
6.643035863219348691e-01 -1.797603726637660326e+00
6.668056713928272039e-01 -1.798376920137657820e+00
6.693077564637195387e-01 -1.799031655910434235e+00
6.718098415346118735e-01 -1.799097384374641617e+00
6.743119266055046523e-01 -1.799104449194634858e+00
6.768140116763969871e-01 -1.799164532253257898e+00
6.793160967472893219e-01 -1.800123816718878000e+00
6.818181818181816567e-01 -1.805112793746967759e+00
6.843202668890739915e-01 -1.807307980608671150e+00
6.868223519599667704e-01 -1.807476655546161215e+00
6.893244370308591051e-01 -1.807504553143541859e+00
6.918265221017514399e-01 -1.807837269019996418e+00
6.943286071726437747e-01 -1.812523291842307316e+00
6.968306922435361095e-01 -1.826168421794046148e+00
6.993327773144284443e-01 -1.829427040891301814e+00
7.018348623853212231e-01 -1.829642731432633118e+00
7.043369474562135579e-01 -1.829724622217554275e+00
7.068390325271058927e-01 -1.830962479138265708e+00
7.093411175979982275e-01 -1.844860614433921020e+00
7.118432026688905623e-01 -1.865954514075729209e+00
7.143452877397828971e-01 -1.868942643466867226e+00
7.168473728106756759e-01 -1.869128275169515296e+00
7.193494578815680107e-01 -1.869274970285539350e+00
7.218515429524603455e-01 -1.871601308157432753e+00
7.243536280233526803e-01 -1.889774251424652940e+00
7.268557130942450151e-01 -1.903726252607101266e+00
7.293577981651373499e-01 -1.905056562858887581e+00
7.318598832360301287e-01 -1.905114361318749561e+00
7.343619683069224635e-01 -1.904790100637457240e+00
7.368640533778147983e-01 -1.899619219969870043e+00
7.393661384487071331e-01 -1.875220382725462764e+00
7.418682235195994679e-01 -1.865647346723164901e+00
7.443703085904918026e-01 -1.864929407083853352e+00
7.468723936613845815e-01 -1.864656606971934583e+00
7.493744787322769163e-01 -1.860476166914329266e+00
7.518765638031692511e-01 -1.803765841308842210e+00
7.543786488740615859e-01 -1.659311639540804739e+00
7.568807339449539207e-01 -1.628710016242288061e+00
7.593828190158462554e-01 -1.626708134893746216e+00
7.618849040867390343e-01 -1.625532899357418071e+00
7.643869891576313691e-01 -1.606823443017646236e+00
7.668890742285237039e-01 -1.411939765742330932e+00
7.693911592994160387e-01 -1.161152082982025213e+00
7.718932443703083734e-01 -1.129292439532700643e+00
7.743953294412007082e-01 -1.127243911281466504e+00
7.768974145120934871e-01 -1.123951398236981314e+00
7.793994995829858219e-01 -1.070611232471874397e+00
7.819015846538781567e-01 -7.030085711869941134e-01
7.844036697247704915e-01 -4.690573135382775649e-01
7.869057547956628262e-01 -4.485151463362787583e-01
7.894078398665551610e-01 -4.469448034759077593e-01
7.919099249374479399e-01 -4.395166009994633249e-01
7.944120100083402747e-01 -3.276482287752170430e-01
7.969140950792326095e-01 1.136969038974656176e-01
7.994161801501249442e-01 2.559043880119616921e-01
8.019182652210172790e-01 2.658586964171367750e-01
8.044203502919096138e-01 2.671995480650376509e-01
8.069224353628023927e-01 2.812820662704091368e-01
8.094245204336947275e-01 4.584128469698666164e-01
8.119266055045870623e-01 8.187069248364460261e-01
8.144286905754793970e-01 8.820471877384002957e-01
8.169307756463717318e-01 8.860102746038854837e-01
8.194328607172645107e-01 8.874569512554105755e-01
8.219349457881568455e-01 9.087611564394891817e-01
8.244370308590491803e-01 1.102848071930277785e+00
8.269391159299415150e-01 1.295732614679246497e+00
8.294412010008338498e-01 1.316752235847011399e+00
8.319432860717261846e-01 1.318047213930488182e+00
8.344453711426189635e-01 1.319567049368900902e+00
8.369474562135112983e-01 1.343143433330991954e+00
8.394495412844036331e-01 1.475368936092744443e+00
8.419516263552959678e-01 1.539231217275667918e+00
8.444537114261883026e-01 1.544269945736245431e+00
8.469557964970806374e-01 1.544625739722425894e+00
8.494578815679734163e-01 1.545954413945487715e+00
8.519599666388657511e-01 1.564632995698592266e+00
8.544620517097580858e-01 1.620715778040525024e+00
8.569641367806504206e-01 1.634495396143079482e+00
8.594662218515427554e-01 1.635400177027707791e+00
8.619683069224350902e-01 1.635516215716342758e+00
8.644703919933278691e-01 1.636683403312795493e+00
8.669724770642202039e-01 1.649591987307098329e+00
8.694745621351125386e-01 1.668598044648765155e+00
8.719766472060048734e-01 1.671235090621731700e+00
8.744787322768972082e-01 1.671397319699654771e+00
8.769808173477895430e-01 1.671505418752520011e+00
8.794829024186823219e-01 1.673183070144222961e+00
8.819849874895746566e-01 1.685503329478920786e+00
8.844870725604669914e-01 1.694109344561891328e+00
8.869891576313593262e-01 1.694896094367452477e+00
8.894912427022516610e-01 1.694952734717929621e+00
8.919933277731439958e-01 1.695171144405628327e+00
8.944954128440367747e-01 1.698483046324614998e+00
8.969974979149291094e-01 1.712150827686539145e+00
8.994995829858214442e-01 1.716771271595824322e+00
9.020016680567137790e-01 1.717098776506656543e+00
9.045037531276061138e-01 1.717141688889508799e+00
9.070058381984984486e-01 1.717583375674830659e+00
9.095079232693912274e-01 1.723158194350596251e+00
9.120100083402835622e-01 1.734612385122181744e+00
9.145120934111758970e-01 1.736642168536991493e+00
9.170141784820682318e-01 1.736770145511122188e+00
9.195162635529605666e-01 1.736831449837832331e+00
9.220183486238529014e-01 1.737770584317547051e+00
9.245204336947456802e-01 1.746176211604264505e+00
9.270225187656380150e-01 1.754268346596934869e+00
9.295246038365303498e-01 1.755135204208083444e+00
9.320266889074226846e-01 1.755193004799731504e+00
9.345287739783150194e-01 1.755337101423499746e+00
9.370308590492077983e-01 1.757608674202464583e+00
9.395329441201001330e-01 1.769635514601163084e+00
9.420350291909924678e-01 1.775043706882449168e+00
9.445371142618848026e-01 1.775460884335583467e+00
9.470391993327771374e-01 1.775504740500294609e+00
9.495412844036694722e-01 1.775874148997026891e+00
9.520433694745622510e-01 1.780954556369310104e+00
9.545454545454545858e-01 1.794642752691148369e+00
9.570475396163469206e-01 1.797689356512719216e+00
9.595496246872392554e-01 1.797887324096555384e+00
9.620517097581315902e-01 1.797946759726078536e+00
9.645537948290239250e-01 1.798798227282020212e+00
9.670558798999167038e-01 1.807560854216597734e+00
9.695579649708090386e-01 1.818566980179292747e+00
9.720600500417013734e-01 1.819943893931164736e+00
9.745621351125937082e-01 1.820030778909886404e+00
9.770642201834860430e-01 1.820145647014724366e+00
9.795663052543783778e-01 1.821972746832850376e+00
9.820683903252711566e-01 1.833631411349291529e+00
9.845704753961634914e-01 1.840296829952029478e+00
9.870725604670558262e-01 1.840857041413317852e+00
9.895746455379481610e-01 1.840900447334952394e+00
9.920767306088404958e-01 1.841115058006191241e+00
9.945788156797328305e-01 1.844223174757533279e+00
9.970809007506256094e-01 1.854553544460735726e+00
9.995829858215179442e-01 1.857350491755334954e+00
1.002085070892410279e+00 1.857537983988793995e+00
1.004587155963302614e+00 1.857560284651662563e+00
1.007089241034194949e+00 1.857771454176604831e+00
1.009591326105087283e+00 1.860156644961204586e+00
1.012093411175980062e+00 1.863846152430973735e+00
1.014595496246872397e+00 1.864375679674940445e+00
1.017097581317764732e+00 1.864408051804711031e+00
1.019599666388657067e+00 1.864423499433098819e+00
1.022101751459549401e+00 1.864654458004397997e+00
1.024603836530441736e+00 1.866336482878869552e+00
1.027105921601334515e+00 1.867497236407715588e+00
1.029608006672226850e+00 1.867604690108398469e+00
1.032110091743119185e+00 1.867647419641289774e+00
1.034612176814011519e+00 1.868310358230503621e+00
1.037114261884903854e+00 1.878332789090850330e+00
1.039616346955796189e+00 1.917109498585913618e+00
1.042118432026688968e+00 1.929351107842864677e+00
1.044620517097581303e+00 1.930221731293666254e+00
1.047122602168473637e+00 1.930670385483576057e+00
1.049624687239365972e+00 1.937793578190807775e+00
1.052126772310258307e+00 2.023510251779506053e+00
1.054628857381150642e+00 2.177533687244017635e+00
1.057130942452043421e+00 2.202161089647472370e+00
1.059633027522935755e+00 2.203771168053445972e+00
1.062135112593828090e+00 2.205990009243249172e+00
1.064637197664720425e+00 2.242366677553811360e+00
1.067139282735612760e+00 2.531199876571392782e+00
1.069641367806505539e+00 2.758680359063884868e+00
1.072143452877397873e+00 2.780677348874819099e+00
1.074645537948290208e+00 2.782365122701400573e+00
1.077147623019182543e+00 2.790246300085427400e+00
1.079649708090074878e+00 2.910863990557587933e+00
1.082151793160967213e+00 3.425285224303389775e+00
1.084653878231859991e+00 3.605509074806287462e+00
1.087155963302752326e+00 3.618441298791168048e+00
1.089658048373644661e+00 3.620717114928535096e+00
1.092160133444536996e+00 3.648499761392725027e+00
1.094662218515429331e+00 3.994159619132505945e+00
1.097164303586321665e+00 4.674863390953355236e+00
1.099666388657214444e+00 4.791548359701049087e+00
1.102168473728106779e+00 4.798985219511846978e+00
1.104670558798999114e+00 4.804648035989120380e+00
1.107172643869891449e+00 4.894837113357467295e+00
1.109674728940783783e+00 5.644441419708477348e+00
1.112176814011676118e+00 6.280263632961251119e+00
1.114678899082568897e+00 6.344003425188908807e+00
1.117180984153461232e+00 6.348223901781180345e+00
1.119683069224353567e+00 6.358698798958517528e+00
1.122185154295245901e+00 6.518786039516712982e+00
1.124687239366138236e+00 7.233582556902105054e+00
1.127189324437030571e+00 7.497039318766422156e+00
1.129691409507923350e+00 7.516082584712893144e+00
1.132193494578815685e+00 7.516984359653332781e+00
1.134695579649708019e+00 7.514174630341717176e+00
1.137197664720600354e+00 7.478009217110330731e+00
1.139699749791492689e+00 7.404344147309165791e+00
1.142201834862385024e+00 7.391370589742682462e+00
1.144703919933277803e+00 7.390376973386990400e+00
1.147206005004170137e+00 7.386766355615747237e+00
1.149708090075062472e+00 7.325661256240862507e+00
1.152210175145954807e+00 6.813147080717523174e+00
1.154712260216847142e+00 6.371973809537784028e+00
1.157214345287739476e+00 6.327415373907345320e+00
1.159716430358632255e+00 6.324461746965541309e+00
1.162218515429524590e+00 6.317114288942294209e+00
1.164720600500416925e+00 6.204915046622379471e+00
1.167222685571309260e+00 5.706160598729485223e+00
1.169724770642201594e+00 5.523241889479656663e+00
1.172226855713093929e+00 5.510047352462346559e+00
1.174728940783986708e+00 5.509575044477169392e+00
1.177231025854879043e+00 5.514240567356783806e+00
1.179733110925771378e+00 5.573061300483635350e+00
1.182235195996663712e+00 5.689944458554742290e+00
1.184737281067556047e+00 5.710136341009942385e+00
1.187239366138448382e+00 5.711713527985254224e+00
1.189741451209341161e+00 5.717961103267559686e+00
1.192243536280233496e+00 5.823492381761242953e+00
1.194745621351125831e+00 6.684352791398990412e+00
1.197247706422018165e+00 7.392291338647735799e+00
1.199749791492910500e+00 7.462230557191176672e+00
1.202251876563803279e+00 7.467962342915056340e+00
1.204753961634695614e+00 7.499492954604753514e+00
1.207256046705587949e+00 7.981512861155501959e+00
1.209758131776480283e+00 1.000805163277847853e+01
1.212260216847372618e+00 1.070702952238627681e+01
1.214762301918264953e+00 1.075687032672623111e+01
1.217264386989157732e+00 1.076383908065243133e+01
1.219766472060050067e+00 1.083860869388075088e+01
1.222268557130942401e+00 1.174248377279369748e+01
1.224770642201834736e+00 1.339319516807557875e+01
1.227272727272727071e+00 1.366028698805214248e+01
1.229774812343619406e+00 1.367651728686290369e+01
1.232276897414512185e+00 1.367760837141619668e+01
1.234778982485404519e+00 1.368098711501971287e+01
1.237281067556296854e+00 1.370637569640232734e+01
1.239783152627189189e+00 1.372513266469062998e+01
1.242285237698081524e+00 1.372680858249230162e+01
1.244787322768973858e+00 1.372540481752995767e+01
1.247289407839866637e+00 1.369829742345887702e+01
1.249791492910758972e+00 1.329066569670454356e+01
1.252293577981651307e+00 1.175597120248694338e+01
1.254795663052543642e+00 1.128504948036395206e+01
1.257297748123435976e+00 1.125248090072814300e+01
1.259799833194328311e+00 1.124783978091937087e+01
1.262301918265221090e+00 1.119760286703111696e+01
1.264804003336113425e+00 1.062492779922035879e+01
1.267306088407005760e+00 9.721236379405333139e+00
1.269808173477898094e+00 9.589753243317941767e+00
1.272310258548790429e+00 9.582352832081424410e+00
1.274812343619682764e+00 9.590394420344974691e+00
1.277314428690575543e+00 9.731844580247376086e+00
1.279816513761467878e+00 1.069430711675187595e+01
1.282318598832360212e+00 1.129559153221252998e+01
1.284820683903252547e+00 1.134809011755021402e+01
1.287322768974144882e+00 1.135415815984230825e+01
1.289824854045037217e+00 1.141017066255835566e+01
1.292326939115929996e+00 1.221630989683385238e+01
1.294829024186822330e+00 1.477649359477685387e+01
1.297331109257714665e+00 1.543982141146770637e+01
1.299833194328607000e+00 1.548400850420630270e+01
1.302335279399499335e+00 1.549209454627231075e+01
1.304837364470391670e+00 1.559122409894138883e+01
1.307339449541284448e+00 1.661970730502335059e+01
1.309841534612176783e+00 1.793514556507514612e+01
1.312343619683069118e+00 1.810153962852980314e+01
1.314845704753961453e+00 1.811092432924743179e+01
1.317347789824853788e+00 1.810428599736740907e+01
1.319849874895746566e+00 1.798745548815128359e+01
1.322351959966638901e+00 1.731653459500094527e+01
1.324854045037531236e+00 1.698279516410136836e+01
1.327356130108423571e+00 1.695607068162386355e+01
1.329858215179315906e+00 1.695207579964971245e+01
1.332360300250208240e+00 1.690724024339458609e+01
1.334862385321101019e+00 1.630261619980288756e+01
1.337364470391993354e+00 1.478573877990571539e+01
1.339866555462885689e+00 1.446864188653184691e+01
1.342368640533778024e+00 1.444859394289062315e+01
1.344870725604670358e+00 1.444822814948165757e+01
1.347372810675562693e+00 1.446102947392395421e+01
1.349874895746455472e+00 1.457676192185840769e+01
1.352376980817347807e+00 1.468915831214497558e+01
1.354879065888240142e+00 1.470133132400159148e+01
1.357381150959132476e+00 1.470352437348164187e+01
1.359883236030024811e+00 1.473058271827381382e+01
1.362385321100917146e+00 1.515276024801913302e+01
1.364887406171809925e+00 1.706566710622512417e+01
1.367389491242702260e+00 1.778238434988863048e+01
1.369891576313594594e+00 1.783462824700558969e+01
1.372393661384486929e+00 1.784057754159087850e+01
1.374895746455379264e+00 1.789475723266208718e+01
1.377397831526271599e+00 1.855187053111101037e+01
1.379899916597164378e+00 1.976515564383901591e+01
1.382402001668056712e+00 1.996308607594480122e+01
1.384904086738949047e+00 1.997493178945996917e+01
1.387406171809841382e+00 1.997215990858105528e+01
1.389908256880733717e+00 1.991431378473885516e+01
1.392410341951626052e+00 1.949198855738852387e+01
1.394912427022518830e+00 1.919994248961899430e+01
1.397414512093411165e+00 1.917334879706880812e+01
1.399916597164303500e+00 1.917115225614261931e+01
1.402418682235195835e+00 1.915869388880427593e+01
1.404920767306088170e+00 1.897821377743911953e+01
1.407422852376980504e+00 1.838113511884231954e+01
1.409924937447873283e+00 1.822021960302859966e+01
1.412427022518765618e+00 1.820966623438696885e+01
1.414929107589657953e+00 1.821244750342423657e+01
1.417431192660550288e+00 1.827151988661046289e+01
1.419933277731442622e+00 1.888183776499531774e+01
1.422435362802334957e+00 1.965267074758734012e+01
1.424937447873227736e+00 1.974946102570718409e+01
1.427439532944120071e+00 1.975595109565031748e+01
1.429941618015012406e+00 1.977092100958536847e+01
1.432443703085904740e+00 2.000752237413068713e+01
1.434945788156797075e+00 2.129391584897681255e+01
1.437447873227689410e+00 2.189155038630276451e+01
1.439949958298582189e+00 2.193803342569485793e+01
1.442452043369474524e+00 2.194058720743463553e+01
1.444954128440366858e+00 2.193977501973356325e+01
1.447456213511259193e+00 2.192737444536530944e+01
1.449958298582151528e+00 2.189984354599366156e+01
1.452460383653044307e+00 2.189464093254925103e+01
1.454962468723936642e+00 2.189408176202265111e+01
1.457464553794828976e+00 2.188976999815245605e+01
1.459966638865721311e+00 2.181655132092896210e+01
1.462468723936613646e+00 2.122708146975099197e+01
1.464970809007505981e+00 2.075252884966535660e+01
1.467472894078398760e+00 2.070620563696292038e+01
1.469974979149291094e+00 2.070369805560123311e+01
1.472477064220183429e+00 2.070610491802647246e+01
1.474979149291075764e+00 2.074424634689774294e+01
1.477481234361968099e+00 2.088417616283512501e+01
1.479983319432860434e+00 2.092598475890380882e+01
1.482485404503753212e+00 2.092896139337887007e+01
1.484987489574645547e+00 2.093127690422596388e+01
1.487489574645537882e+00 2.096915983490613300e+01
1.489991659716430217e+00 2.137499131626904614e+01
1.492493744787322552e+00 2.192922388025707292e+01
1.494995829858214886e+00 2.200236118843703537e+01
1.497497914929107665e+00 2.200674995453636740e+01
1.500000000000000000e+00 2.200822826982188829e+01
