# # hall conductivity
-1.500000000000000000e+00 -2.293954009983492142e+03
-1.497998665777184879e+00 -2.316417413137775839e+03
-1.495997331554369536e+00 -2.321885073142412239e+03
-1.493995997331554415e+00 -2.322501578920981046e+03
-1.491994663108739072e+00 -2.322578761413337816e+03
-1.489993328885923951e+00 -2.322747839861038301e+03
-1.487991994663108830e+00 -2.324369983542060254e+03
-1.485990660440293487e+00 -2.337465963052899042e+03
-1.483989326217478366e+00 -2.374350118541000029e+03
-1.481987991994663023e+00 -2.390945713366264499e+03
-1.479986657771847902e+00 -2.393164602091455436e+03
-1.477985323549032781e+00 -2.393398973025919531e+03
-1.475983989326217438e+00 -2.393514528631317262e+03
-1.473982655103402317e+00 -2.394459586814564773e+03
-1.471981320880586974e+00 -2.403151299609191938e+03
-1.469979986657771853e+00 -2.445833701681606726e+03
-1.467978652434956732e+00 -2.485328575924208053e+03
-1.465977318212141389e+00 -2.492659367937742900e+03
-1.463975983989326268e+00 -2.493446178683215749e+03
-1.461974649766510925e+00 -2.493572179788402536e+03
-1.459973315543695804e+00 -2.494074158419583910e+03
-1.457971981320880683e+00 -2.498909284711089185e+03
-1.455970647098065340e+00 -2.533185066272874792e+03
-1.453969312875250219e+00 -2.599070034534738170e+03
-1.451967978652434876e+00 -2.619603440277875507e+03
-1.449966644429619755e+00 -2.622056684387593123e+03
-1.447965310206804634e+00 -2.622322029782083973e+03
-1.445963975983989291e+00 -2.622548766002367302e+03
-1.443962641761174170e+00 -2.624582501698801934e+03
-1.441961307538358827e+00 -2.642171359316273993e+03
-1.439959973315543706e+00 -2.706515140876279929e+03
-1.437958639092728585e+00 -2.745744657539299169e+03
-1.435957304869913242e+00 -2.751652867368044099e+03
-1.433955970647098122e+00 -2.752268098407487287e+03
-1.431954636424282779e+00 -2.752384261934193091e+03
-1.429953302201467658e+00 -2.752958187144078693e+03
-1.427951967978652537e+00 -2.758362756211095075e+03
-1.425950633755837194e+00 -2.790189179569743374e+03
-1.423949299533022073e+00 -2.830724262304818694e+03
-1.421947965310206730e+00 -2.839917381981640574e+03
-1.419946631087391609e+00 -2.840935677256242343e+03
-1.417945296864576488e+00 -2.841033445145425503e+03
-1.415943962641761145e+00 -2.841009119130107592e+03
-1.413942628418946024e+00 -2.840670629856469986e+03
-1.411941294196130681e+00 -2.838002852366492334e+03
-1.409939959973315560e+00 -2.831131384972489741e+03
-1.407938625750500439e+00 -2.828314616450396898e+03
-1.405937291527685096e+00 -2.827948776259388978e+03
-1.403935957304869975e+00 -2.827900345967278554e+03
-1.401934623082054632e+00 -2.827779045610424419e+03
-1.399933288859239511e+00 -2.826592430578231870e+03
-1.397931954636424390e+00 -2.815798101240026881e+03
-1.395930620413609047e+00 -2.766228308915653542e+03
-1.393929286190793926e+00 -2.724894228271831253e+03
-1.391927951967978583e+00 -2.717650154001968076e+03
-1.389926617745163462e+00 -2.716877605998856779e+03
-1.387925283522348341e+00 -2.716728031198321787e+03
-1.385923949299532998e+00 -2.715969601558882005e+03
-1.383922615076717877e+00 -2.708666824392098079e+03
-1.381921280853902534e+00 -2.658976713938328885e+03
-1.379919946631087413e+00 -2.572672725904390063e+03
-1.377918612408272070e+00 -2.547970110360252420e+03
-1.375917278185456949e+00 -2.545083016718442195e+03
-1.373915943962641828e+00 -2.544775310333145626e+03
-1.371914609739826485e+00 -2.544547998267027651e+03
-1.369913275517011364e+00 -2.542554891030812541e+03
-1.367911941294196243e+00 -2.525680087099985485e+03
-1.365910607071380900e+00 -2.468972226400843738e+03
-1.363909272848565779e+00 -2.437821620720260398e+03
-1.361907938625750436e+00 -2.433332160350727008e+03
-1.359906604402935315e+00 -2.432874838096166513e+03
-1.357905270180119972e+00 -2.432862074007653064e+03
-1.355903935957304851e+00 -2.433187361457213228e+03
-1.353902601734489730e+00 -2.436293757010097579e+03
-1.351901267511674387e+00 -2.453549349699349023e+03
-1.349899933288859266e+00 -2.473236600955131962e+03
-1.347898599066043923e+00 -2.477386493378077830e+03
-1.345897264843228802e+00 -2.477844649163051599e+03
-1.343895930620413681e+00 -2.477941108873355006e+03
-1.341894596397598338e+00 -2.478469577904113521e+03
-1.339893262174783217e+00 -2.483642003703584578e+03
-1.337891927951967874e+00 -2.522963490785403337e+03
-1.335890593729152753e+00 -2.614489484462358178e+03
-1.333889259506337632e+00 -2.648439395509847600e+03
-1.331887925283522289e+00 -2.652700100527727955e+03
-1.329886591060707168e+00 -2.653145167904366645e+03
-1.327885256837891825e+00 -2.653350890891070776e+03
-1.325883922615076704e+00 -2.655000869015750141e+03
-1.323882588392261583e+00 -2.669737671666468032e+03
-1.321881254169446240e+00 -2.732289127734727572e+03
-1.319879919946631119e+00 -2.778796434298345048e+03
-1.317878585723815776e+00 -2.786478162273268936e+03
-1.315877251501000655e+00 -2.787278484808001849e+03
-1.313875917278185534e+00 -2.787320630183159665e+03
-1.311874583055370191e+00 -2.786951124977277686e+03
-1.309873248832555070e+00 -2.783309933028914656e+03
-1.307871914609739727e+00 -2.759734867341272547e+03
-1.305870580386924606e+00 -2.723224059771504926e+03
-1.303869246164109486e+00 -2.713679564829939864e+03
-1.301867911941294143e+00 -2.712584861742303929e+03
-1.299866577718479022e+00 -2.712435942765865093e+03
-1.297865243495663679e+00 -2.712015640345248812e+03
-1.295863909272848558e+00 -2.707930506231102299e+03
-1.293862575050033215e+00 -2.674207229536011255e+03
-1.291861240827218094e+00 -2.571565472479906930e+03
-1.289859906604402973e+00 -2.521287250601332744e+03
-1.287858572381587630e+00 -2.514356637054661860e+03
-1.285857238158772509e+00 -2.513644990384852463e+03
-1.283855903935957166e+00 -2.513523173074969236e+03
-1.281854569713142045e+00 -2.512988002947607583e+03
-1.279853235490326924e+00 -2.508070302118234395e+03
-1.277851901267511581e+00 -2.482634081109395993e+03
-1.275850567044696460e+00 -2.457000919871678889e+03
-1.273849232821881117e+00 -2.452000509801922817e+03
-1.271847898599065996e+00 -2.451468275366225498e+03
-1.269846564376250875e+00 -2.451476507426395983e+03
-1.267845230153435532e+00 -2.452096284971224122e+03
-1.265843895930620411e+00 -2.458230535609753588e+03
-1.263842561707805068e+00 -2.502966949134641254e+03
-1.261841227484989947e+00 -2.595560741822730051e+03
-1.259839893262174826e+00 -2.626359816629495981e+03
-1.257838559039359483e+00 -2.630104399478927007e+03
-1.255837224816544362e+00 -2.630498544286758261e+03
-1.253835890593729019e+00 -2.630724822689649045e+03
-1.251834556370913898e+00 -2.632629735510216506e+03
-1.249833222148098777e+00 -2.649302378483700522e+03
-1.247831887925283434e+00 -2.713683729156714890e+03
-1.245830553702468313e+00 -2.755769176668291038e+03
-1.243829219479652970e+00 -2.762306268133228969e+03
-1.241827885256837849e+00 -2.762975338245231342e+03
-1.239826551034022728e+00 -2.762952565502168909e+03
-1.237825216811207385e+00 -2.762051084864508084e+03
-1.235823882588392264e+00 -2.753369288528750531e+03
-1.233822548365576921e+00 -2.700573136921754667e+03
-1.231821214142761800e+00 -2.628927265181282564e+03
-1.229819879919946679e+00 -2.611940673171157869e+03
-1.227818545697131336e+00 -2.610037067132845095e+03
-1.225817211474316215e+00 -2.609808123366035034e+03
-1.223815877251500872e+00 -2.609381231933089111e+03
-1.221814543028685751e+00 -2.605324812021183334e+03
-1.219813208805870630e+00 -2.572970718231453247e+03
-1.217811874583055287e+00 -2.485440774495726600e+03
-1.215810540360240166e+00 -2.447698414902982222e+03
-1.213809206137424823e+00 -2.442729276048005886e+03
-1.211807871914609702e+00 -2.442239437114890279e+03
-1.209806537691794581e+00 -2.442331380972822444e+03
-1.207805203468979238e+00 -2.443753805908698723e+03
-1.205803869246164117e+00 -2.456820173271321437e+03
-1.203802535023348774e+00 -2.518721439842078325e+03
-1.201801200800533653e+00 -2.572847876350632305e+03
-1.199799866577718532e+00 -2.582581011122556902e+03
-1.197798532354903189e+00 -2.583620219151520359e+03
-1.195797198132088068e+00 -2.583788596832253006e+03
-1.193795863909272725e+00 -2.584472027414553850e+03
-1.191794529686457604e+00 -2.591034767933758303e+03
-1.189793195463642483e+00 -2.636380140212142123e+03
-1.187791861240827140e+00 -2.718124234199513467e+03
-1.185790527018012019e+00 -2.742250410210520840e+03
-1.183789192795196676e+00 -2.745087174769304511e+03
-1.181787858572381555e+00 -2.745340603469817324e+03
-1.179786524349566434e+00 -2.745058504768437615e+03
-1.177785190126751091e+00 -2.741958936004879433e+03
-1.175783855903935970e+00 -2.715499754029180167e+03
-1.173782521681120627e+00 -2.624468328260065391e+03
-1.171781187458305507e+00 -2.573029829438187789e+03
-1.169779853235490386e+00 -2.565528836898611189e+03
-1.167778519012675043e+00 -2.564750196130491531e+03
-1.165777184789859922e+00 -2.564591786103376307e+03
-1.163775850567044579e+00 -2.563749235216296711e+03
-1.161774516344229458e+00 -2.555865636645734412e+03
-1.159773182121414337e+00 -2.511606833501388792e+03
-1.157771847898598994e+00 -2.460103683558286775e+03
-1.155770513675783873e+00 -2.449109068214210311e+03
-1.153769179452968530e+00 -2.447911691977371447e+03
-1.151767845230153409e+00 -2.447856189685539448e+03
-1.149766511007338288e+00 -2.448493619292975382e+03
-1.147765176784522945e+00 -2.454901342294202550e+03
-1.145763842561707824e+00 -2.503771635389557105e+03
-1.143762508338892481e+00 -2.618527632072768483e+03
-1.141761174116077360e+00 -2.661455049521423462e+03
-1.139759839893262239e+00 -2.666854425858614377e+03
-1.137758505670446896e+00 -2.667399007125683056e+03
-1.135757171447631775e+00 -2.667458064785131683e+03
-1.133755837224816432e+00 -2.667519450042574590e+03
-1.131754503002001311e+00 -2.668022569493708943e+03
-1.129753168779186190e+00 -2.670154689548710849e+03
-1.127751834556370847e+00 -2.671738410694363210e+03
-1.125750500333555726e+00 -2.671998829996814948e+03
-1.123749166110740383e+00 -2.672015149161886256e+03
-1.121747831887925262e+00 -2.671905229943972699e+03
-1.119746497665110141e+00 -2.670763149470919416e+03
-1.117745163442294798e+00 -2.659744747955771345e+03
-1.115743829219479677e+00 -2.588795757453898204e+03
-1.113742494996664334e+00 -2.480185637806450359e+03
-1.111741160773849213e+00 -2.452045399008396089e+03
-1.109739826551034092e+00 -2.448838615417606434e+03
-1.107738492328218749e+00 -2.448546672919863795e+03
-1.105737158105403628e+00 -2.448797614255420285e+03
-1.103735823882588285e+00 -2.451607578408365498e+03
-1.101734489659773164e+00 -2.474708779716223034e+03
-1.099733155436958043e+00 -2.543662068576951242e+03
-1.097731821214142700e+00 -2.576711066845906316e+03
-1.095730486991327579e+00 -2.581230675666635761e+03
-1.093729152768512236e+00 -2.581700638125356818e+03
-1.091727818545697115e+00 -2.581845654399808609e+03
-1.089726484322881994e+00 -2.582857514614252977e+03
-1.087725150100066651e+00 -2.592197593932171912e+03
-1.085723815877251530e+00 -2.639502564914014783e+03
-1.083722481654436187e+00 -2.685526737215168851e+03
-1.081721147431621066e+00 -2.694319699422490885e+03
-1.079719813208805945e+00 -2.695254297734894863e+03
-1.077718478985990602e+00 -2.695262370192344861e+03
-1.075717144763175481e+00 -2.694405762329032768e+03
-1.073715810540360138e+00 -2.685927768852748159e+03
-1.071714476317545017e+00 -2.625124044492094981e+03
-1.069713142094729896e+00 -2.504750626623089374e+03
-1.067711807871914553e+00 -2.466261919299638521e+03
-1.065710473649099432e+00 -2.461636688177865835e+03
-1.063709139426284089e+00 -2.461187286269608649e+03
-1.061707805203468968e+00 -2.461286717989417866e+03
-1.059706470980653847e+00 -2.462736094582470741e+03
-1.057705136757838504e+00 -2.475349954913988768e+03
-1.055703802535023383e+00 -2.521900142517077256e+03
-1.053702468312208040e+00 -2.550596512047545275e+03
-1.051701134089392919e+00 -2.554939606512366481e+03
-1.049699799866577798e+00 -2.555395290408383062e+03
-1.047698465643762455e+00 -2.555512812290540751e+03
-1.045697131420947334e+00 -2.556259780056201635e+03
-1.043695797198131991e+00 -2.563319847131059305e+03
-1.041694462975316871e+00 -2.604699124625360582e+03
-1.039693128752501750e+00 -2.656915835192782652e+03
-1.037691794529686407e+00 -2.668682933507211601e+03
-1.035690460306871286e+00 -2.669979348545725770e+03
-1.033689126084055943e+00 -2.670049661788657431e+03
-1.031687791861240822e+00 -2.669462722682415915e+03
-1.029686457638425701e+00 -2.663527861488637427e+03
-1.027685123415610358e+00 -2.617280809437206699e+03
-1.025683789192795237e+00 -2.501383688319813700e+03
-1.023682454969979894e+00 -2.455170267844305272e+03
-1.021681120747164773e+00 -2.449241321089314624e+03
-1.019679786524349652e+00 -2.448657146955018106e+03
-1.017678452301534309e+00 -2.448749641456384779e+03
-1.015677118078719188e+00 -2.450268863161856643e+03
-1.013675783855903845e+00 -2.464045360517305198e+03
-1.011674449633088724e+00 -2.525091525085553712e+03
-1.009673115410273603e+00 -2.573367233169345127e+03
-1.007671781187458260e+00 -2.581594794499900672e+03
-1.005670446964642917e+00 -2.582461922181387308e+03
-1.003669112741827796e+00 -2.582565763054425588e+03
-1.001667778519012675e+00 -2.582760894174597524e+03
-9.996664442961974428e-01 -2.584569204587090098e+03
-9.976651100733822108e-01 -2.596483718679530284e+03
-9.956637758505669789e-01 -2.615700020777664577e+03
-9.936624416277517469e-01 -2.620883481655100240e+03
-9.916611074049366259e-01 -2.621476610800968956e+03
-9.896597731821213939e-01 -2.621498541587216096e+03
-9.876584389593061619e-01 -2.621121906149825008e+03
-9.856571047364909299e-01 -2.617306993512809186e+03
-9.836557705136756979e-01 -2.585654004809567141e+03
-9.816544362908605770e-01 -2.487662111696105512e+03
-9.796531020680453450e-01 -2.438733500825649571e+03
-9.776517678452301130e-01 -2.431942151303477658e+03
-9.756504336224148810e-01 -2.431265272744696176e+03
-9.736490993995996490e-01 -2.431363403746177937e+03
-9.716477651767845281e-01 -2.433037820095120424e+03
-9.696464309539692961e-01 -2.448679662255156472e+03
-9.676450967311540641e-01 -2.529526724531254331e+03
-9.656437625083388321e-01 -2.610877190659433381e+03
-9.636424282855236001e-01 -2.626733866755948839e+03
-9.616410940627084791e-01 -2.628437053112876129e+03
-9.596397598398932471e-01 -2.628572804468596132e+03
-9.576384256170780152e-01 -2.628252663759367351e+03
-9.556370913942627832e-01 -2.624952982881435219e+03
-9.536357571714475512e-01 -2.601081261683093544e+03
-9.516344229486324302e-01 -2.552775577931885891e+03
-9.496330887258171982e-01 -2.537028691719138351e+03
-9.476317545030019662e-01 -2.535125189361868706e+03
-9.456304202801867342e-01 -2.534928294156028187e+03
-9.436290860573715022e-01 -2.534847590848882191e+03
-9.416277518345562703e-01 -2.534224318595232489e+03
-9.396264176117411493e-01 -2.528819886783050606e+03
-9.376250833889259173e-01 -2.508682847756198498e+03
-9.356237491661106853e-01 -2.496115078762682515e+03
-9.336224149432954533e-01 -2.494203669382164207e+03
-9.316210807204802213e-01 -2.494013816111840697e+03
-9.296197464976651004e-01 -2.494073806954179872e+03
-9.276184122748498684e-01 -2.494876790905581402e+03
-9.256170780520346364e-01 -2.502529277787488354e+03
-9.236157438292194044e-01 -2.547426585983877885e+03
-9.216144096064041724e-01 -2.604185665675983728e+03
-9.196130753835890514e-01 -2.616992397584511764e+03
-9.176117411607738195e-01 -2.618405004055435256e+03
-9.156104069379585875e-01 -2.618494893975825562e+03
-9.136090727151433555e-01 -2.617991652064524715e+03
-9.116077384923281235e-01 -2.612876059858270764e+03
-9.096064042695130025e-01 -2.573117713587654180e+03
-9.076050700466977705e-01 -2.474305775734831514e+03
-9.056037358238825385e-01 -2.435230163049461225e+03
-9.036024016010673066e-01 -2.430230833875742064e+03
-9.016010673782520746e-01 -2.429744264731566091e+03
-8.995997331554369536e-01 -2.429882384163754068e+03
-8.975983989326217216e-01 -2.431768338224873332e+03
-8.955970647098064896e-01 -2.448800165157435458e+03
-8.935957304869912576e-01 -2.523209292474311951e+03
-8.915943962641760256e-01 -2.580854621846340706e+03
-8.895930620413609047e-01 -2.590575277329748587e+03
-8.875917278185456727e-01 -2.591592384172207403e+03
-8.855903935957304407e-01 -2.591656638072456190e+03
-8.835890593729152087e-01 -2.591296190847809157e+03
-8.815877251500999767e-01 -2.587720198459036055e+03
-8.795863909272848558e-01 -2.564470960665901657e+03
-8.775850567044696238e-01 -2.528137136767928041e+03
-8.755837224816543918e-01 -2.518572955939692747e+03
-8.735823882588391598e-01 -2.517478255449801964e+03
-8.715810540360239278e-01 -2.517370329318173390e+03
-8.695797198132088068e-01 -2.517371509516576680e+03
-8.675783855903935748e-01 -2.517488948353115120e+03
-8.655770513675783429e-01 -2.518461777190997964e+03
-8.635757171447631109e-01 -2.521364343886904862e+03
-8.615743829219478789e-01 -2.522754807453896774e+03
-8.595730486991326469e-01 -2.522945263063137645e+03
-8.575717144763175259e-01 -2.522968558525208664e+03
-8.555703802535022939e-01 -2.523010608405382754e+03
-8.535690460306870619e-01 -2.523416199861342648e+03
-8.515677118078718300e-01 -2.527165033708760802e+03
-8.495663775850565980e-01 -2.545889254885216360e+03
-8.475650433622414770e-01 -2.563694797931019366e+03
-8.455637091394262450e-01 -2.567051324468395251e+03
-8.435623749166110130e-01 -2.567405398441242596e+03
-8.415610406937957810e-01 -2.567389405253058612e+03
-8.395597064709805490e-01 -2.566869663362700976e+03
-8.375583722481654281e-01 -2.561757407814804537e+03
-8.355570380253501961e-01 -2.525703524667288548e+03
-8.335557038025349641e-01 -2.457343512275443118e+03
-8.315543695797197321e-01 -2.436288547977951112e+03
-8.295530353569045001e-01 -2.433784807819909929e+03
-8.275517011340893792e-01 -2.433554803413179798e+03
-8.255503669112741472e-01 -2.433742023229121969e+03
-8.235490326884589152e-01 -2.435860908383624519e+03
-8.215476984656436832e-01 -2.454028720822827381e+03
-8.195463642428284512e-01 -2.517584944126463597e+03
-8.175450300200133302e-01 -2.554235506211858137e+03
-8.155436957971980982e-01 -2.559623923836631548e+03
-8.135423615743828663e-01 -2.560167737738921460e+03
-8.115410273515676343e-01 -2.560114904544682759e+03
-8.095396931287524023e-01 -2.559033019096743374e+03
-8.075383589059372813e-01 -2.548781448000192995e+03
-8.055370246831220493e-01 -2.491579438015800406e+03
-8.035356904603068173e-01 -2.425771731596986683e+03
-8.015343562374915853e-01 -2.411827297014663145e+03
-7.995330220146763534e-01 -2.410307331526036251e+03
-7.975316877918612324e-01 -2.410200626033075878e+03
-7.955303535690460004e-01 -2.410637305384355386e+03
-7.935290193462307684e-01 -2.415085506143177099e+03
-7.915276851234155364e-01 -2.448543117839084971e+03
-7.895263509006003044e-01 -2.523958363395382548e+03
-7.875250166777851835e-01 -2.551090837412087239e+03
-7.855236824549699515e-01 -2.554462359091414328e+03
-7.835223482321547195e-01 -2.554789148625599864e+03
-7.815210140093394875e-01 -2.554694583007536039e+03
-7.795196797865242555e-01 -2.553412366248718627e+03
-7.775183455637091345e-01 -2.542044718321712935e+03
-7.755170113408939025e-01 -2.496471848054943621e+03
-7.735156771180786706e-01 -2.465158359320541422e+03
-7.715143428952634386e-01 -2.460180529462666527e+03
-7.695130086724482066e-01 -2.459669043579756362e+03
-7.675116744496329746e-01 -2.459684013800680987e+03
-7.655103402268178536e-01 -2.460348445488106790e+03
-7.635090060040026216e-01 -2.466753105526066975e+03
-7.615076717811873896e-01 -2.505861557291934332e+03
-7.595063375583721577e-01 -2.559376300155439822e+03
-7.575050033355569257e-01 -2.572139372447371443e+03
-7.555036691127418047e-01 -2.573567396281403944e+03
-7.535023348899265727e-01 -2.573697498544776863e+03
-7.515010006671113407e-01 -2.573589761488922250e+03
-7.494996664442961087e-01 -2.572384331582802588e+03
-7.474983322214808767e-01 -2.562845114967499285e+03
-7.454969979986657558e-01 -2.537817201222545918e+03
-7.434956637758505238e-01 -2.527362848451727587e+03
-7.414943295530352918e-01 -2.526001431891524589e+03
-7.394929953302200598e-01 -2.525870889240110046e+03
-7.374916611074048278e-01 -2.525931823647699730e+03
-7.354903268845897069e-01 -2.526681087920054779e+03
-7.334889926617744749e-01 -2.533481805054132110e+03
-7.314876584389592429e-01 -2.564053200925037800e+03
-7.294863242161440109e-01 -2.588746106955311006e+03
-7.274849899933287789e-01 -2.593000879696655829e+03
-7.254836557705136579e-01 -2.593448230463114669e+03
-7.234823215476984259e-01 -2.593482756975799930e+03
-7.214809873248831940e-01 -2.593388227540559910e+03
-7.194796531020679620e-01 -2.592432290288837976e+03
-7.174783188792527300e-01 -2.586155014717071481e+03
-7.154769846564376090e-01 -2.576127463266401719e+03
-7.134756504336223770e-01 -2.573442744962636425e+03
-7.114743162108071450e-01 -2.573134946742624379e+03
-7.094729819879919130e-01 -2.573111875316502847e+03
-7.074716477651766811e-01 -2.573187101482449634e+03
-7.054703135423615601e-01 -2.573966473317608688e+03
-7.034689793195463281e-01 -2.580372402990972660e+03
-7.014676450967310961e-01 -2.599525842296445717e+03
-6.994663108739158641e-01 -2.608723503984926538e+03
-6.974649766511006321e-01 -2.609981850527728056e+03
-6.954636424282855112e-01 -2.610108994501228153e+03
-6.934623082054702792e-01 -2.610111138494268744e+03
-6.914609739826550472e-01 -2.610006677640206362e+03
-6.894596397598398152e-01 -2.609031373376056763e+03
-6.874583055370245832e-01 -2.604212124469585433e+03
-6.854569713142093512e-01 -2.599709207851253268e+03
-6.834556370913942303e-01 -2.598868904784597362e+03
-6.814543028685789983e-01 -2.598780251101264184e+03
-6.794529686457637663e-01 -2.598782512547209535e+03
-6.774516344229485343e-01 -2.598894731706957373e+03
-6.754503002001333023e-01 -2.599997471522834076e+03
-6.734489659773181813e-01 -2.607662484458001472e+03
-6.714476317545029493e-01 -2.621676942720685474e+03
-6.694462975316877174e-01 -2.625862426245272218e+03
-6.674449633088724854e-01 -2.626356415391150222e+03
-6.654436290860572534e-01 -2.626404323008614483e+03
-6.634422948632421324e-01 -2.626393845786052680e+03
-6.614409606404269004e-01 -2.626241026649609012e+03
-6.594396264176116684e-01 -2.624943669760000375e+03
-6.574382921947964364e-01 -2.620613223739107525e+03
-6.554369579719812045e-01 -2.618253649526199297e+03
-6.534356237491660835e-01 -2.617914955153433766e+03
-6.514342895263508515e-01 -2.617883107624337299e+03
-6.494329553035356195e-01 -2.617909302985880458e+03
-6.474316210807203875e-01 -2.618208436853434705e+03
-6.454302868579051555e-01 -2.621010457270805091e+03
-6.434289526350900346e-01 -2.635954129459637443e+03
-6.414276184122748026e-01 -2.651818493235789902e+03
-6.394262841894595706e-01 -2.655013310400497630e+03
-6.374249499666443386e-01 -2.655358619250424454e+03
-6.354236157438291066e-01 -2.655387102001274343e+03
-6.334222815210139856e-01 -2.655331819349255056e+03
-6.314209472981987536e-01 -2.654756789541291255e+03
-6.294196130753835217e-01 -2.650575559961490399e+03
-6.274182788525682897e-01 -2.642001176675236820e+03
-6.254169446297530577e-01 -2.639172800111739889e+03
-6.234156104069379367e-01 -2.638830736448763673e+03
-6.214142761841227047e-01 -2.638805133707797722e+03
-6.194129419613074727e-01 -2.638891336528546617e+03
-6.174116077384922407e-01 -2.639789069335687600e+03
-6.154102735156770088e-01 -2.647562372257048992e+03
-6.134089392928618878e-01 -2.675960310919128005e+03
-6.114076050700466558e-01 -2.693244163297634714e+03
-6.094062708472314238e-01 -2.695844836919435693e+03
-6.074049366244161918e-01 -2.696111311430446676e+03
-6.054036024016009598e-01 -2.696118079274025604e+03
-6.034022681787858389e-01 -2.695921462170173072e+03
-6.014009339559706069e-01 -2.694038492697925449e+03
-5.993995997331553749e-01 -2.683370206916259121e+03
-5.973982655103401429e-01 -2.670749290254949301e+03
-5.953969312875249109e-01 -2.668025812615097038e+03
-5.933955970647096789e-01 -2.667729166059374620e+03
-5.913942628418945580e-01 -2.667721412845014584e+03
-5.893929286190793260e-01 -2.667940933734865212e+03
-5.873915943962640940e-01 -2.670132673216737658e+03
-5.853902601734488620e-01 -2.686613413510924602e+03
-5.833889259506336300e-01 -2.723752350962312448e+03
-5.813875917278185090e-01 -2.737110788697281350e+03
-5.793862575050032770e-01 -2.738770594510121555e+03
-5.773849232821880451e-01 -2.738931314914560062e+03
-5.753835890593728131e-01 -2.738883146524295626e+03
-5.733822548365575811e-01 -2.738236040178769599e+03
-5.713809206137424601e-01 -2.732526681326957259e+03
-5.693795863909272281e-01 -2.710119553658051700e+03
-5.673782521681119961e-01 -2.695155914274045244e+03
-5.653769179452967641e-01 -2.692808717258770230e+03
-5.633755837224815322e-01 -2.692568581906135023e+03
-5.613742494996664112e-01 -2.692581420264767530e+03
-5.593729152768511792e-01 -2.692952588300368916e+03
-5.573715810540359472e-01 -2.696510003467664774e+03
-5.553702468312207152e-01 -2.717614058316407409e+03
-5.533689126084054832e-01 -2.744873891393036502e+03
-5.513675783855903623e-01 -2.751116460469397680e+03
-5.493662441627751303e-01 -2.751807897222515294e+03
-5.473649099399598983e-01 -2.751859789890517277e+03
-5.453635757171446663e-01 -2.751694309164438891e+03
-5.433622414943294343e-01 -2.749992142274197704e+03
-5.413609072715143133e-01 -2.736864635068710868e+03
-5.393595730486990814e-01 -2.705012234820756930e+03
-5.373582388258838494e-01 -2.692711273750488544e+03
-5.353569046030686174e-01 -2.691149064388670467e+03
-5.333555703802533854e-01 -2.690995049509991077e+03
-5.313542361574382644e-01 -2.691016435588597233e+03
-5.293529019346230324e-01 -2.691385864483790556e+03
-5.273515677118078004e-01 -2.694689747034718039e+03
-5.253502334889925685e-01 -2.708375754603100177e+03
-5.233488992661773365e-01 -2.718209706389954135e+03
-5.213475650433622155e-01 -2.719806812369322870e+03
-5.193462308205469835e-01 -2.719971156428679933e+03
-5.173448965977317515e-01 -2.719963237618337189e+03
-5.153435623749165195e-01 -2.719717864968715276e+03
-5.133422281521012875e-01 -2.717353270492777483e+03
-5.113408939292860556e-01 -2.702850853272051609e+03
-5.093395597064709346e-01 -2.682826966820572125e+03
-5.073382254836557026e-01 -2.678020408289992247e+03
-5.053368912608404706e-01 -2.677481569327665966e+03
-5.033355570380252386e-01 -2.677429388834630572e+03
-5.013342228152100066e-01 -2.677438397963645912e+03
-4.993328885923948857e-01 -2.677579264044893080e+03
-4.973315543695795427e-01 -2.678688233041888907e+03
-4.953302201467644217e-01 -2.681527484552744227e+03
-4.933288859239493007e-01 -2.682684232835248167e+03
-4.913275517011339577e-01 -2.682833852811909765e+03
-4.893262174783188367e-01 -2.682850421979950170e+03
-4.873248832555034937e-01 -2.682866752520189038e+03
-4.853235490326883728e-01 -2.683016324486543454e+03
-4.833222148098732518e-01 -2.684357862373438365e+03
-4.813208805870579088e-01 -2.690125344261275131e+03
-4.793195463642427878e-01 -2.694491802603498400e+03
-4.773182121414274448e-01 -2.695219478230622371e+03
-4.753168779186123238e-01 -2.695294409412884306e+03
-4.733155436957972029e-01 -2.695288214798655645e+03
-4.713142094729818599e-01 -2.695149814713417072e+03
-4.693128752501667389e-01 -2.693813300170769253e+03
-4.673115410273513959e-01 -2.685437666943166732e+03
-4.653102068045362749e-01 -2.673343463129339398e+03
-4.633088725817211539e-01 -2.670344171376477789e+03
-4.613075383589058109e-01 -2.670006253019655105e+03
-4.593062041360906900e-01 -2.669980844374763365e+03
-4.573048699132753470e-01 -2.670061903418988550e+03
-4.553035356904602260e-01 -2.670898586158442413e+03
-4.533022014676451050e-01 -2.677533169260687373e+03
-4.513008672448297620e-01 -2.695096283194942316e+03
-4.492995330220146410e-01 -2.702500302431531964e+03
-4.472981987991992980e-01 -2.703467605469109913e+03
-4.452968645763841771e-01 -2.703561920119056140e+03
-4.432955303535690561e-01 -2.703534315303093081e+03
-4.412941961307537131e-01 -2.703160220114162712e+03
-4.392928619079385921e-01 -2.699778577731618498e+03
-4.372915276851232491e-01 -2.684932215110974994e+03
-4.352901934623081281e-01 -2.673348799875715486e+03
-4.332888592394930072e-01 -2.671388467746606239e+03
-4.312875250166776642e-01 -2.671183815422587486e+03
-4.292861907938625432e-01 -2.671176853255298738e+03
-4.272848565710472002e-01 -2.671310451094828295e+03
-4.252835223482320792e-01 -2.672614846002065860e+03
-4.232821881254169583e-01 -2.680876144901261796e+03
-4.212808539026016152e-01 -2.693073847037501309e+03
-4.192795196797864943e-01 -2.696149244936248579e+03
-4.172781854569711513e-01 -2.696497593993680312e+03
-4.152768512341560303e-01 -2.696529730623467913e+03
-4.132755170113409093e-01 -2.696507075517894464e+03
-4.112741827885255663e-01 -2.696248724914907143e+03
-4.092728485657104454e-01 -2.694190060958480899e+03
-4.072715143428951023e-01 -2.688668960346628410e+03
-4.052701801200799814e-01 -2.686309857991537683e+03
-4.032688458972648604e-01 -2.685999915782997050e+03
-4.012675116744495174e-01 -2.685966262633744009e+03
-3.992661774516343964e-01 -2.685939970927682225e+03
-3.972648432288190534e-01 -2.685705939481045789e+03
-3.952635090060039325e-01 -2.683596310788078426e+03
-3.932621747831888115e-01 -2.674290581116814792e+03
-3.912608405603734685e-01 -2.666979639363229580e+03
-3.892595063375583475e-01 -2.665737967307887175e+03
-3.872581721147430045e-01 -2.665608372733651322e+03
-3.852568378919278835e-01 -2.665605049654293452e+03
-3.832555036691125405e-01 -2.665700772626352318e+03
-3.812541694462974196e-01 -2.666633736224819586e+03
-3.792528352234822986e-01 -2.672539740366583828e+03
-3.772515010006669556e-01 -2.681251169509531792e+03
-3.752501667778518346e-01 -2.683445905811749981e+03
-3.732488325550364916e-01 -2.683694115581927690e+03
-3.712474983322213706e-01 -2.683713481959394812e+03
-3.692461641094062497e-01 -2.683661064020388494e+03
-3.672448298865909067e-01 -2.683117048077228901e+03
-3.652434956637757857e-01 -2.678796278798778076e+03
-3.632421614409604427e-01 -2.667300469029660235e+03
-3.612408272181453217e-01 -2.662428899347330116e+03
-3.592394929953302007e-01 -2.661791333241036227e+03
-3.572381587725148577e-01 -2.661729140805466614e+03
-3.552368245496997368e-01 -2.661747193531149605e+03
-3.532354903268843938e-01 -2.661992311095982586e+03
-3.512341561040692728e-01 -2.664204848666266116e+03
-3.492328218812541518e-01 -2.673849939070631081e+03
-3.472314876584388088e-01 -2.681298545044202456e+03
-3.452301534356236878e-01 -2.682552630233641594e+03
-3.432288192128083448e-01 -2.682684365711916143e+03
-3.412274849899932239e-01 -2.682698314431066592e+03
-3.392261507671781029e-01 -2.682709260451184036e+03
-3.372248165443627599e-01 -2.682802262750639784e+03
-3.352234823215476389e-01 -2.683383213690398406e+03
-3.332221480987322959e-01 -2.684218823544409133e+03
-3.312208138759171749e-01 -2.684425399095861394e+03
-3.292194796531020540e-01 -2.684448042135317792e+03
-3.272181454302867110e-01 -2.684443436036866842e+03
-3.252168112074715900e-01 -2.684373211629317666e+03
-3.232154769846562470e-01 -2.683674951498328937e+03
-3.212141427618411260e-01 -2.678182612755750597e+03
-3.192128085390260051e-01 -2.663999774229740524e+03
-3.172114743162106620e-01 -2.658170884542038948e+03
-3.152101400933955411e-01 -2.657415741251760210e+03
-3.132088058705801981e-01 -2.657341896861816167e+03
-3.112074716477650771e-01 -2.657360390162613839e+03
-3.092061374249499561e-01 -2.657621336499448262e+03
-3.072048032021346131e-01 -2.659962853054545121e+03
-3.052034689793194921e-01 -2.669873311657861450e+03
-3.032021347565041491e-01 -2.677211669069010895e+03
-3.012008005336890282e-01 -2.678421324921104315e+03
-2.991994663108739072e-01 -2.678547545506579809e+03
-2.971981320880585642e-01 -2.678556573711643068e+03
-2.951967978652434432e-01 -2.678522725608003384e+03
-2.931954636424281002e-01 -2.678187279932976708e+03
-2.911941294196129792e-01 -2.676138823784678607e+03
-2.891927951967978583e-01 -2.673336952523311083e+03
-2.871914609739825153e-01 -2.672668872268392533e+03
-2.851901267511673943e-01 -2.672593649762971836e+03
-2.831887925283520513e-01 -2.672581914617993789e+03
-2.811874583055369303e-01 -2.672537457822030319e+03
-2.791861240827218094e-01 -2.672104914369621838e+03
-2.771847898599064663e-01 -2.668760851072032892e+03
-2.751834556370913454e-01 -2.660572527002197603e+03
-2.731821214142760024e-01 -2.657381783557331346e+03
-2.711807871914608814e-01 -2.656975471023748923e+03
-2.691794529686457604e-01 -2.656935981231228652e+03
-2.671781187458304174e-01 -2.656947529186552856e+03
-2.651767845230152965e-01 -2.657103729815976294e+03
-2.631754503001999534e-01 -2.658490158660382349e+03
-2.611741160773848325e-01 -2.664078078132961764e+03
-2.591727818545697115e-01 -2.667945400598219749e+03
-2.571714476317543685e-01 -2.668562328035750852e+03
-2.551701134089392475e-01 -2.668626217762022407e+03
-2.531687791861239045e-01 -2.668629159618855283e+03
-2.511674449633087836e-01 -2.668595422784214861e+03
-2.491661107404936626e-01 -2.668268760929791824e+03
-2.471647765176783196e-01 -2.666349855007119459e+03
-2.451634422948631986e-01 -2.663918899756780775e+03
-2.431621080720478556e-01 -2.663369575290576449e+03
-2.411607738492327346e-01 -2.663308598272391464e+03
-2.391594396264176137e-01 -2.663300950101193848e+03
-2.371581054036022707e-01 -2.663283988604996011e+03
-2.351567711807871497e-01 -2.663122581920843004e+03
-2.331554369579718067e-01 -2.661907443503193463e+03
-2.311541027351566857e-01 -2.659155966918834110e+03
-2.291527685123415647e-01 -2.658161797271411615e+03
-2.271514342895262217e-01 -2.658038160376037013e+03
-2.251501000667111008e-01 -2.658026772498316859e+03
-2.231487658438957578e-01 -2.658036386773665072e+03
-2.211474316210806368e-01 -2.658144999417707368e+03
-2.191460973982652938e-01 -2.659092298187310917e+03
-2.171447631754501728e-01 -2.662649583749961039e+03
-2.151434289526350518e-01 -2.664891950174975591e+03
-2.131420947298197088e-01 -2.665234610420419813e+03
-2.111407605070045879e-01 -2.665269810854001207e+03
-2.091394262841892449e-01 -2.665270821848893775e+03
-2.071380920613741239e-01 -2.665246045387821141e+03
-2.051367578385590029e-01 -2.665009390162128966e+03
-2.031354236157436599e-01 -2.663694421733499439e+03
-2.011340893929285389e-01 -2.662193362951730251e+03
-1.991327551701131959e-01 -2.661876865509958407e+03
-1.971314209472980750e-01 -2.661842117771517223e+03
-1.951300867244829540e-01 -2.661836785444439101e+03
-1.931287525016676110e-01 -2.661817079294711220e+03
-1.911274182788524900e-01 -2.661627067149575396e+03
-1.891260840560371470e-01 -2.660249704871954236e+03
-1.871247498332220260e-01 -2.657443010315363153e+03
-1.851234156104069051e-01 -2.656522383097782949e+03
-1.831220813875915621e-01 -2.656411069363649403e+03
-1.811207471647764411e-01 -2.656401228844200432e+03
-1.791194129419610981e-01 -2.656413740259151837e+03
-1.771180787191459771e-01 -2.656549806072121555e+03
-1.751167444963308562e-01 -2.657708852262118853e+03
-1.731154102735155131e-01 -2.661664440321799702e+03
-1.711140760507003922e-01 -2.663877889466357374e+03
-1.691127418278850492e-01 -2.664199335902133043e+03
-1.671114076050699282e-01 -2.664232350482983293e+03
-1.651100733822548072e-01 -2.664235692371692494e+03
-1.631087391594394642e-01 -2.664236932836039614e+03
-1.611074049366243433e-01 -2.664245533925789459e+03
-1.591060707138090002e-01 -2.664289658400763074e+03
-1.571047364909938793e-01 -2.664333764146096200e+03
-1.551034022681787583e-01 -2.664342288668885431e+03
-1.531020680453634153e-01 -2.664342800819998502e+03
-1.511007338225482943e-01 -2.664338723072745779e+03
-1.490993995997329513e-01 -2.664296404172836901e+03
-1.470980653769178303e-01 -2.663884255507159196e+03
-1.450967311541027094e-01 -2.661050459643487557e+03
-1.430953969312873664e-01 -2.656004611358241164e+03
-1.410940627084722454e-01 -2.654530546490660072e+03
-1.390927284856569024e-01 -2.654357703173579466e+03
-1.370913942628417814e-01 -2.654342552821502522e+03
-1.350900600400266605e-01 -2.654362670918604181e+03
-1.330887258172113174e-01 -2.654579950650925639e+03
-1.310873915943961965e-01 -2.656370637731272836e+03
-1.290860573715808535e-01 -2.661768785960277455e+03
-1.270847231487657325e-01 -2.664384758874803993e+03
-1.250833889259506115e-01 -2.664743900317498628e+03
-1.230820547031352685e-01 -2.664780587359684887e+03
-1.210807204803201476e-01 -2.664785141024126460e+03
-1.190793862575048045e-01 -2.664795098305763531e+03
-1.170780520346896836e-01 -2.664882751321942578e+03
-1.150767178118745626e-01 -2.665290426335758184e+03
-1.130753835890592196e-01 -2.665637175934127754e+03
-1.110740493662440986e-01 -2.665698528327039639e+03
-1.090727151434287556e-01 -2.665704364204518697e+03
-1.070713809206136347e-01 -2.665698230588250226e+03
-1.050700466977985137e-01 -2.665629570817276544e+03
-1.030687124749831707e-01 -2.664967405057250289e+03
-1.010673782521680497e-01 -2.660733324177411305e+03
-9.906604402935270670e-02 -2.654349785913897449e+03
-9.706470980653758573e-02 -2.652714868008957183e+03
-9.506337558372246477e-02 -2.652529090918420479e+03
-9.306204136090712176e-02 -2.652512619803133020e+03
-9.106070713809200079e-02 -2.652531631105590350e+03
-8.905937291527665778e-02 -2.652737890871470427e+03
-8.705803869246153681e-02 -2.654360794645551323e+03
-8.505670446964641584e-02 -2.658544956949664083e+03
-8.305537024683107283e-02 -2.660261784856147187e+03
-8.105403602401595187e-02 -2.660484144628513150e+03
-7.905270180120060886e-02 -2.660506505798873150e+03
-7.705136757838548789e-02 -2.660507422721787407e+03
-7.505003335557036692e-02 -2.660494625385858853e+03
-7.304869913275502391e-02 -2.660379119892602830e+03
-7.104736490993990294e-02 -2.659907943551024800e+03
-6.904603068712455993e-02 -2.659576523997870481e+03
-6.704469646430943897e-02 -2.659523217947150442e+03
-6.504336224149431800e-02 -2.659517410379538433e+03
-6.304202801867897499e-02 -2.659514265994930156e+03
-6.104069379586385402e-02 -2.659487918090799667e+03
-5.903935957304851101e-02 -2.659238404672748857e+03
-5.703802535023339004e-02 -2.657792151393574386e+03
-5.503669112741826908e-02 -2.656005736494434132e+03
-5.303535690460292606e-02 -2.655608936681135219e+03
-5.103402268178780510e-02 -2.655564958889294303e+03
-4.903268845897246209e-02 -2.655558575862918588e+03
-4.703135423615734112e-02 -2.655537432233501022e+03
-4.503002001334199811e-02 -2.655333769270682296e+03
-4.302868579052687714e-02 -2.653833901575233540e+03
-4.102735156771175618e-02 -2.650643301854209767e+03
-3.902601734489641316e-02 -2.649555381189566560e+03
-3.702468312208129220e-02 -2.649422298426847647e+03
-3.502334889926594919e-02 -2.649409489564114665e+03
-3.302201467645082822e-02 -2.649413892229607882e+03
-3.102068045363570725e-02 -2.649470977983327430e+03
-2.901934623082036424e-02 -2.649959196654027437e+03
-2.701801200800524327e-02 -2.651642335133681627e+03
-2.501667778518990026e-02 -2.652595765300642142e+03
-2.301534356237477930e-02 -2.652734926396574338e+03
-2.101400933955965833e-02 -2.652749224412051262e+03
-1.901267511674431532e-02 -2.652750622707408183e+03
-1.701134089392919435e-02 -2.652750658860361000e+03
-1.501000667111385134e-02 -2.652749726312712482e+03
-1.300867244829873037e-02 -2.652744917538828304e+03
-1.100733822548360941e-02 -2.652740206374719037e+03
-9.006004002668266395e-03 -2.652739278012378236e+03
-7.004669779853145428e-03 -2.652738922290815935e+03
-5.003335557037802417e-03 -2.652736273747522318e+03
-3.002001334222681450e-03 -2.652709487443690705e+03
-1.000667111407560483e-03 -2.652449493660976259e+03
1.000667111407782528e-03 -2.650701119777151234e+03
3.002001334222903495e-03 -2.647748431641378374e+03
5.003335557038246506e-03 -2.646922279343660648e+03
7.004669779853367473e-03 -2.646826359483854503e+03
9.006004002668488440e-03 -2.646817135520973352e+03
1.100733822548383145e-02 -2.646819790616284990e+03
1.300867244829895242e-02 -2.646855442165550812e+03
1.501000667111429543e-02 -2.647143429542022204e+03
1.701134089392941640e-02 -2.647948149613373971e+03
1.901267511674453736e-02 -2.648307169693452124e+03
2.101400933955988037e-02 -2.648355016676998275e+03
2.301534356237500134e-02 -2.648359936766780720e+03
2.501667778519034435e-02 -2.648361070734644272e+03
2.701801200800546532e-02 -2.648367723252743872e+03
2.901934623082058629e-02 -2.648426972841084535e+03
3.102068045363592930e-02 -2.648680462835231992e+03
3.302201467645105026e-02 -2.648871072747256221e+03
3.502334889926639327e-02 -2.648902733499171518e+03
3.702468312208151424e-02 -2.648906030324731546e+03
3.902601734489663521e-02 -2.648906156112647295e+03
4.102735156771197822e-02 -2.648904146717090498e+03
4.302868579052709919e-02 -2.648884709090625165e+03
4.503002001334244220e-02 -2.648769518028652783e+03
4.703135423615756316e-02 -2.648621059189666084e+03
4.903268845897268413e-02 -2.648587097944082871e+03
5.103402268178802714e-02 -2.648583166284192430e+03
5.303535690460314811e-02 -2.648581118622823851e+03
5.503669112741849112e-02 -2.648564072619886247e+03
5.703802535023361209e-02 -2.648396761809647160e+03
5.903935957304873305e-02 -2.647157079949488889e+03
6.104069379586407607e-02 -2.644476432625041980e+03
6.304202801867919703e-02 -2.643548575716528376e+03
6.504336224149454004e-02 -2.643434530730529787e+03
6.704469646430966101e-02 -2.643423009544723300e+03
6.904603068712478198e-02 -2.643421242677946339e+03
7.104736490994012499e-02 -2.643414719509300539e+03
7.304869913275524596e-02 -2.643360069781311267e+03
7.505003335557058897e-02 -2.643172841237885677e+03
7.705136757838570993e-02 -2.643067559357731625e+03
7.905270180120083090e-02 -2.643052244038927256e+03
8.105403602401617391e-02 -2.643050721936383525e+03
8.305537024683129488e-02 -2.643051090921260766e+03
8.505670446964663789e-02 -2.643056366683814758e+03
8.705803869246175886e-02 -2.643105268376732056e+03
8.905937291527687982e-02 -2.643348909254356386e+03
9.106070713809222283e-02 -2.643579649254073047e+03
9.306204136090734380e-02 -2.643623049327511580e+03
9.506337558372268681e-02 -2.643627689989648843e+03
9.706470980653780778e-02 -2.643628146494297653e+03
9.906604402935292875e-02 -2.643628166068877363e+03
1.010673782521682718e-01 -2.643627924211058598e+03
1.030687124749833927e-01 -2.643626309260284870e+03
1.050700466977987357e-01 -2.643623732662002112e+03
1.070713809206138567e-01 -2.643623042197342329e+03
1.090727151434289777e-01 -2.643622948197274127e+03
1.110740493662443207e-01 -2.643622788999836757e+03
1.130753835890594416e-01 -2.643621249181072471e+03
1.150767178118747847e-01 -2.643605992099503965e+03
1.170780520346899056e-01 -2.643485805904656900e+03
1.190793862575050266e-01 -2.643173946517551485e+03
1.210807204803203696e-01 -2.643045138116281123e+03
1.230820547031354906e-01 -2.643028342484829864e+03
1.250833889259508336e-01 -2.643025869076025629e+03
1.270847231487659545e-01 -2.643017736067637998e+03
1.290860573715812976e-01 -2.642937689460552974e+03
1.310873915943964185e-01 -2.642232238575390511e+03
1.330887258172115395e-01 -2.639444767260484696e+03
1.350900600400268825e-01 -2.637566304895180565e+03
1.370913942628420035e-01 -2.637270374243277729e+03
1.390927284856573465e-01 -2.637239769873763635e+03
1.410940627084724674e-01 -2.637238203515695659e+03
1.430953969312875884e-01 -2.637252734414597853e+03
1.450967311541029314e-01 -2.637392222141046659e+03
1.470980653769180524e-01 -2.638160636170518046e+03
1.490993995997333954e-01 -2.639024154134473065e+03
1.511007338225485164e-01 -2.639204392157949769e+03
1.531020680453636373e-01 -2.639224037637398851e+03
1.551034022681789803e-01 -2.639225993320418638e+03
1.571047364909941013e-01 -2.639226273109934027e+03
1.591060707138094443e-01 -2.639227157660949160e+03
1.611074049366245653e-01 -2.639233209945836279e+03
1.631087391594396863e-01 -2.639244422530217889e+03
1.651100733822550293e-01 -2.639247809200468510e+03
1.671114076050701502e-01 -2.639248208005242304e+03
1.691127418278854933e-01 -2.639248225460366939e+03
1.711140760507006142e-01 -2.639247998795556214e+03
1.731154102735157352e-01 -2.639245702978165809e+03
1.751167444963310782e-01 -2.639226946402089652e+03
1.771180787191461992e-01 -2.639172006384571432e+03
1.791194129419615422e-01 -2.639146213549142885e+03
1.811207471647766631e-01 -2.639142699938087389e+03
1.831220813875917841e-01 -2.639142202159604039e+03
1.851234156104071271e-01 -2.639140723295349289e+03
1.871247498332222481e-01 -2.639126184653932341e+03
1.891260840560375911e-01 -2.638995568451222425e+03
1.911274182788527121e-01 -2.638431527730010657e+03
1.931287525016678330e-01 -2.638001785613145330e+03
1.951300867244831760e-01 -2.637929906326206947e+03
1.971314209472982970e-01 -2.637922158609102098e+03
1.991327551701136400e-01 -2.637919245185127238e+03
2.011340893929287610e-01 -2.637897198665118594e+03
2.031354236157438820e-01 -2.637688440822698794e+03
2.051367578385592250e-01 -2.636469773035680646e+03
2.071380920613743459e-01 -2.634943776809930114e+03
2.091394262841896889e-01 -2.634601688074928461e+03
2.111407605070048099e-01 -2.634563904336933319e+03
2.131420947298199309e-01 -2.634560467641588275e+03
2.151434289526352739e-01 -2.634563318205712676e+03
2.171447631754503949e-01 -2.634594842013671041e+03
2.191460973982657379e-01 -2.634823016736237605e+03
2.211474316210808588e-01 -2.635284567295706438e+03
2.231487658438959798e-01 -2.635434973961773721e+03
2.251501000667113228e-01 -2.635453149442194444e+03
2.271514342895264438e-01 -2.635454987021449597e+03
2.291527685123417868e-01 -2.635455321054896103e+03
2.311541027351569078e-01 -2.635456885100599720e+03
2.331554369579720287e-01 -2.635469746801104520e+03
2.351567711807873717e-01 -2.635509906120449159e+03
2.371581054036024927e-01 -2.635530156940943016e+03
2.391594396264178357e-01 -2.635532979169898226e+03
2.411607738492329567e-01 -2.635533269001938606e+03
2.431621080720480776e-01 -2.635533314709759907e+03
2.451634422948634207e-01 -2.635533492285025659e+03
2.471647765176785416e-01 -2.635535076621345070e+03
2.491661107404938846e-01 -2.635542204566526379e+03
2.511674449633090056e-01 -2.635547970470897781e+03
2.531687791861241266e-01 -2.635548964793469167e+03
2.551701134089394696e-01 -2.635549069738206072e+03
2.571714476317545905e-01 -2.635549081798949828e+03
2.591727818545699336e-01 -2.635549100175876447e+03
2.611741160773850545e-01 -2.635549265805645518e+03
2.631754503002001755e-01 -2.635550253990389137e+03
2.651767845230155185e-01 -2.635551545512322264e+03
2.671781187458306395e-01 -2.635551831901524110e+03
2.691794529686459825e-01 -2.635551740114037329e+03
2.711807871914611034e-01 -2.635550468762929086e+03
2.731821214142762244e-01 -2.635537516477026657e+03
2.751834556370915674e-01 -2.635410362588278986e+03
2.771847898599066884e-01 -2.634482182428229407e+03
2.791861240827220314e-01 -2.632555820543009304e+03
2.811874583055371524e-01 -2.631913491899549626e+03
2.831887925283522733e-01 -2.631835378255129399e+03
2.851901267511676163e-01 -2.631827513638672826e+03
2.871914609739827373e-01 -2.631826476060819004e+03
2.891927951967980803e-01 -2.631823731716169277e+03
2.911941294196132013e-01 -2.631801477582555890e+03
2.931954636424283223e-01 -2.631731379877399377e+03
2.951967978652436653e-01 -2.631695668931862201e+03
2.971981320880587862e-01 -2.631690672552539581e+03
2.991994663108741292e-01 -2.631690159020982719e+03
3.012008005336892502e-01 -2.631690076503613454e+03
3.032021347565045932e-01 -2.631689746349727102e+03
3.052034689793197142e-01 -2.631686800869284980e+03
3.072048032021348352e-01 -2.631673601420516661e+03
3.092061374249501782e-01 -2.631662986495743098e+03
3.112074716477652991e-01 -2.631661161422135137e+03
3.132088058705806422e-01 -2.631660967416618405e+03
3.152101400933957631e-01 -2.631660930091802129e+03
3.172114743162108841e-01 -2.631660742410425883e+03
3.192128085390262271e-01 -2.631658973836332279e+03
3.212141427618413481e-01 -2.631648537203177511e+03
3.232154769846566911e-01 -2.631635190542128839e+03
3.252168112074718120e-01 -2.631632154997079397e+03
3.272181454302869330e-01 -2.631631817458108344e+03
3.292194796531022760e-01 -2.631631773747363695e+03
3.312208138759173970e-01 -2.631631665863268154e+03
3.332221480987327400e-01 -2.631630640569359457e+03
3.352234823215478610e-01 -2.631623262261642594e+03
3.372248165443629819e-01 -2.631608509007900466e+03
3.392261507671783249e-01 -2.631603750075129483e+03
3.412274849899934459e-01 -2.631603175725265373e+03
3.432288192128087889e-01 -2.631603108702388454e+03
3.452301534356239099e-01 -2.631603005921868316e+03
3.472314876584390309e-01 -2.631602037342783660e+03
3.492328218812543739e-01 -2.631594072251935359e+03
3.512341561040694948e-01 -2.631570134443349161e+03
3.532354903268848378e-01 -2.631558572926357101e+03
3.552368245496999588e-01 -2.631556982510163834e+03
3.572381587725150798e-01 -2.631556767272690195e+03
3.592394929953304228e-01 -2.631556203855385775e+03
3.612408272181455438e-01 -2.631550692053389866e+03
3.632421614409608868e-01 -2.631501318717512277e+03
3.652434956637760077e-01 -2.631291019947706900e+03
3.672448298865911287e-01 -2.631133894879177205e+03
3.692461641094064717e-01 -2.631107855513173945e+03
3.712474983322215927e-01 -2.631104900011108384e+03
3.732488325550369357e-01 -2.631102269679987330e+03
3.752501667778520567e-01 -2.631078342546161366e+03
3.772515010006671776e-01 -2.630852665992891161e+03
3.792528352234825206e-01 -2.629583377637593003e+03
3.812541694462976416e-01 -2.628101541803651344e+03
3.832555036691129846e-01 -2.627784520694162893e+03
3.852568378919281056e-01 -2.627749798728785208e+03
3.872581721147432265e-01 -2.627746318526863433e+03
3.892595063375585696e-01 -2.627745599369643060e+03
3.912608405603736905e-01 -2.627741850997078018e+03
3.932621747831890335e-01 -2.627716171878402292e+03
3.952635090060041545e-01 -2.627669878830763082e+03
3.972648432288192755e-01 -2.627656213988345371e+03
3.992661774516346185e-01 -2.627654605233068651e+03
4.012675116744497394e-01 -2.627654441167395817e+03
4.032688458972650825e-01 -2.627654392019809620e+03
4.052701801200802034e-01 -2.627654059330928703e+03
4.072715143428953244e-01 -2.627651419452943628e+03
4.092728485657106674e-01 -2.627644301262918816e+03
4.112741827885257884e-01 -2.627641242390019215e+03
4.132755170113411314e-01 -2.627640839943072478e+03
4.152768512341562523e-01 -2.627640798381617969e+03
4.172781854569713733e-01 -2.627640786323231623e+03
4.192795196797867163e-01 -2.627640705141016952e+03
4.212808539026018373e-01 -2.627639997735268935e+03
4.232821881254171803e-01 -2.627637283995255530e+03
4.252835223482323013e-01 -2.627635525202659665e+03
4.272848565710474222e-01 -2.627635253122871745e+03
4.292861907938627652e-01 -2.627635225773639377e+03
4.312875250166778862e-01 -2.627635231681738787e+03
4.332888592394932292e-01 -2.627635319191858798e+03
4.352901934623083502e-01 -2.627636134770658828e+03
4.372915276851234712e-01 -2.627640315832848046e+03
4.392928619079388142e-01 -2.627644465731850232e+03
4.412941961307539351e-01 -2.627645268179187951e+03
4.432955303535692781e-01 -2.627645355688921882e+03
4.452968645763843991e-01 -2.627645377429966175e+03
4.472981987991995201e-01 -2.627645512245837381e+03
4.492995330220148631e-01 -2.627646803625625125e+03
4.513008672448299841e-01 -2.627655075863562161e+03
4.533022014676453271e-01 -2.627667598027988788e+03
4.553035356904604480e-01 -2.627670815141434559e+03
4.573048699132755690e-01 -2.627671182985846372e+03
4.593062041360909120e-01 -2.627671236325657446e+03
4.613075383589060330e-01 -2.627671411435380833e+03
4.633088725817213760e-01 -2.627673102334869782e+03
4.653102068045364970e-01 -2.627685820926772976e+03
4.673115410273518400e-01 -2.627714534649868710e+03
4.693128752501669609e-01 -2.627724880662030500e+03
4.713142094729820819e-01 -2.627726167847807119e+03
4.733155436957974249e-01 -2.627726302871064945e+03
4.753168779186125459e-01 -2.627726372208091107e+03
4.773182121414278889e-01 -2.627726939009652597e+03
4.793195463642430099e-01 -2.627731688022489834e+03
4.813208805870581308e-01 -2.627747066216160420e+03
4.833222148098734738e-01 -2.627755150043443336e+03
4.853235490326885948e-01 -2.627756270478059832e+03
4.873248832555039378e-01 -2.627756134049952379e+03
4.893262174783190588e-01 -2.627753561738557437e+03
4.913275517011341798e-01 -2.627727538801351329e+03
4.933288859239495228e-01 -2.627492685493374211e+03
4.953302201467646437e-01 -2.626457480939142897e+03
4.973315543695799867e-01 -2.625645056650769220e+03
4.993328885923951077e-01 -2.625507131974040476e+03
5.013342228152102287e-01 -2.625492522957229994e+03
5.033355570380253496e-01 -2.625489940064285292e+03
5.053368912608409147e-01 -2.625478142057382684e+03
5.073382254836560357e-01 -2.625367970905786024e+03
5.093395597064711566e-01 -2.624745526308308854e+03
5.113408939292862776e-01 -2.624012628144671908e+03
5.133422281521013986e-01 -2.623854954393553726e+03
5.153435623749169636e-01 -2.623837666503847231e+03
5.173448965977320846e-01 -2.623835937333368747e+03
5.193462308205472056e-01 -2.623835618319256355e+03
5.213475650433623265e-01 -2.623834135453050294e+03
5.233488992661774475e-01 -2.623824130535265795e+03
5.253502334889930125e-01 -2.623806653027952052e+03
5.273515677118081335e-01 -2.623801626249334731e+03
5.293529019346232545e-01 -2.623801038167837760e+03
5.313542361574383754e-01 -2.623800976772480226e+03
5.333555703802534964e-01 -2.623800943763560099e+03
5.353569046030690615e-01 -2.623800673427133006e+03
5.373582388258841824e-01 -2.623798566380586635e+03
5.393595730486993034e-01 -2.623793244949980362e+03
5.413609072715144244e-01 -2.623791106432504421e+03
5.433622414943295453e-01 -2.623790831128523678e+03
5.453635757171451104e-01 -2.623790801411616030e+03
5.473649099399602314e-01 -2.623790779144024782e+03
5.493662441627753523e-01 -2.623790583265224996e+03
5.513675783855904733e-01 -2.623788906584523374e+03
5.533689126084055943e-01 -2.623783022425343006e+03
5.553702468312211593e-01 -2.623779615874501360e+03
5.573715810540362803e-01 -2.623779114112778188e+03
5.593729152768514012e-01 -2.623779062456055726e+03
5.613742494996665222e-01 -2.623779057022602501e+03
5.633755837224816432e-01 -2.623779053013006887e+03
5.653769179452972082e-01 -2.623779020951217717e+03
5.673782521681123292e-01 -2.623778872386446892e+03
5.693795863909274502e-01 -2.623778746527726980e+03
5.713809206137425711e-01 -2.623778724284027248e+03
5.733822548365576921e-01 -2.623778721934868372e+03
5.753835890593732572e-01 -2.623778721746625706e+03
5.773849232821883781e-01 -2.623778722172141443e+03
5.793862575050034991e-01 -2.623778726425880905e+03
5.813875917278186201e-01 -2.623778751157772149e+03
5.833889259506337410e-01 -2.623778781855523903e+03
5.853902601734493061e-01 -2.623778788698962671e+03
5.873915943962644270e-01 -2.623778789483156743e+03
5.893929286190795480e-01 -2.623778789853301532e+03
5.913942628418946690e-01 -2.623778792857936878e+03
5.933955970647097899e-01 -2.623778822058030528e+03
5.953969312875253550e-01 -2.623779023544202119e+03
5.973982655103404760e-01 -2.623779385457853095e+03
5.993995997331555969e-01 -2.623779491967575268e+03
6.014009339559707179e-01 -2.623779504622055811e+03
6.034022681787858389e-01 -2.623779507190107779e+03
6.054036024016014039e-01 -2.623779520698527449e+03
6.074049366244165249e-01 -2.623779653284856522e+03
6.094062708472316459e-01 -2.623780690083727677e+03
6.114076050700467668e-01 -2.623783319353687148e+03
6.134089392928618878e-01 -2.623784380339178369e+03
6.154102735156774528e-01 -2.623784517214949119e+03
6.174116077384925738e-01 -2.623784533083055521e+03
6.194129419613076948e-01 -2.623784555373381863e+03
6.214142761841228157e-01 -2.623784765022278862e+03
6.234156104069379367e-01 -2.623786553910503244e+03
6.254169446297535018e-01 -2.623792734774597193e+03
6.274182788525686227e-01 -2.623796245545061993e+03
6.294196130753837437e-01 -2.623796758583247538e+03
6.314209472981988647e-01 -2.623796811631884339e+03
6.334222815210139856e-01 -2.623796820168303384e+03
6.354236157438295507e-01 -2.623796854370223627e+03
6.374249499666446717e-01 -2.623797159842337805e+03
6.394262841894597926e-01 -2.623798536049089307e+03
6.414276184122749136e-01 -2.623799651531247946e+03
6.434289526350900346e-01 -2.623799844095575281e+03
6.454302868579055996e-01 -2.623799864394953147e+03
6.474316210807207206e-01 -2.623799866441491758e+03
6.494329553035358416e-01 -2.623799867066011757e+03
6.514342895263509625e-01 -2.623799871122725108e+03
6.534356237491660835e-01 -2.623799893738982064e+03
6.554369579719816485e-01 -2.623799919940278869e+03
6.574382921947967695e-01 -2.623799925517980682e+03
6.594396264176118905e-01 -2.623799926128577681e+03
6.614409606404270114e-01 -2.623799926192696603e+03
6.634422948632421324e-01 -2.623799926235311432e+03
6.654436290860576975e-01 -2.623799926591257190e+03
6.674449633088728184e-01 -2.623799928951312722e+03
6.694462975316879394e-01 -2.623799932823028939e+03
6.714476317545030604e-01 -2.623799933881552988e+03
6.734489659773181813e-01 -2.623799934003687213e+03
6.754503002001337464e-01 -2.623799934014612973e+03
6.774516344229488674e-01 -2.623799934002903228e+03
6.794529686457639883e-01 -2.623799933875759507e+03
6.814543028685791093e-01 -2.623799932915377212e+03
6.834556370913942303e-01 -2.623799930727712763e+03
6.854569713142097953e-01 -2.623799929932759824e+03
6.874583055370249163e-01 -2.623799929833397073e+03
6.894596397598400372e-01 -2.623799929820830585e+03
6.914609739826551582e-01 -2.623799929793473439e+03
6.934623082054702792e-01 -2.623799929530318423e+03
6.954636424282858442e-01 -2.623799927352307805e+03
6.974649766511009652e-01 -2.623799920658178962e+03
6.994663108739160862e-01 -2.623799917342878871e+03
7.014676450967312071e-01 -2.623799916883685000e+03
7.034689793195463281e-01 -2.623799916833372663e+03
7.054703135423618932e-01 -2.623799916793039301e+03
7.074716477651770141e-01 -2.623799916433581984e+03
7.094729819879921351e-01 -2.623799913260136691e+03
7.114743162108072561e-01 -2.623799900563520168e+03
7.134756504336223770e-01 -2.623799891862825461e+03
7.154769846564379421e-01 -2.623799890480785052e+03
7.174783188792530630e-01 -2.623799890332081759e+03
7.194796531020681840e-01 -2.623799890267036062e+03
7.214809873248833050e-01 -2.623799889751887804e+03
7.234823215476988700e-01 -2.623799884999701590e+03
7.254836557705139910e-01 -2.623799861229908856e+03
7.274849899933291120e-01 -2.623799838572458611e+03
7.294863242161442329e-01 -2.623799834293967706e+03
7.314876584389593539e-01 -2.623799833827679322e+03
7.334889926617749190e-01 -2.623799833695094549e+03
7.354903268845900399e-01 -2.623799832806031645e+03
7.374916611074051609e-01 -2.623799824364955839e+03
7.394929953302202819e-01 -2.623799773727538195e+03
7.414943295530354028e-01 -2.623799706848254573e+03
7.434956637758509679e-01 -2.623799691290969349e+03
7.454969979986660888e-01 -2.623799689537565428e+03
7.474983322214812098e-01 -2.623799689153398504e+03
7.494996664442963308e-01 -2.623799686983380525e+03
7.515010006671114517e-01 -2.623799665998393721e+03
7.535023348899270168e-01 -2.623799520824386491e+03
7.555036691127421378e-01 -2.623799258375520822e+03
7.575050033355572587e-01 -2.623799180721450284e+03
7.595063375583723797e-01 -2.623799171471073350e+03
7.615076717811875007e-01 -2.623799169475923918e+03
7.635090060040030657e-01 -2.623799158393749167e+03
7.655103402268181867e-01 -2.623799049708315579e+03
7.675116744496333077e-01 -2.623798211894361884e+03
7.695130086724484286e-01 -2.623796178920000784e+03
7.715143428952635496e-01 -2.623795391183564334e+03
7.735156771180791146e-01 -2.623795263290506227e+03
7.755170113408942356e-01 -2.623794965826180942e+03
7.775183455637093566e-01 -2.623792039357277645e+03
7.795196797865244775e-01 -2.623762832848109156e+03
7.815210140093395985e-01 -2.623518930257389002e+03
7.835223482321551636e-01 -2.622745195807892742e+03
7.855236824549702845e-01 -2.622347936296210264e+03
7.875250166777854055e-01 -2.622292161935910372e+03
7.895263509006005265e-01 -2.622286160797653793e+03
7.915276851234156474e-01 -2.622282499951028967e+03
7.935290193462312125e-01 -2.622251289536325203e+03
7.955303535690463335e-01 -2.621975587087670192e+03
7.975316877918614544e-01 -2.620867092674723608e+03
7.995330220146765754e-01 -2.620102402309572881e+03
8.015343562374916964e-01 -2.619980597088383547e+03
8.035356904603072614e-01 -2.619967917592074627e+03
8.055370246831223824e-01 -2.619966635188261534e+03
8.075383589059375034e-01 -2.619966187492605513e+03
8.095396931287526243e-01 -2.619963177395071398e+03
8.115410273515677453e-01 -2.619948409563103723e+03
8.135423615743833103e-01 -2.619934680619704523e+03
8.155436957971984313e-01 -2.619932125511176309e+03
8.175450300200135523e-01 -2.619931851835194266e+03
8.195463642428286732e-01 -2.619931815022311184e+03
8.215476984656437942e-01 -2.619931712670074376e+03
8.235490326884593593e-01 -2.619930765442374195e+03
8.255503669112744802e-01 -2.619925246110390162e+03
8.275517011340896012e-01 -2.619918356523837701e+03
8.295530353569047222e-01 -2.619916815283705091e+03
8.315543695797198431e-01 -2.619916644509405160e+03
8.335557038025354082e-01 -2.619916622665868999e+03
8.355570380253505292e-01 -2.619916570858132673e+03
8.375583722481656501e-01 -2.619916084449951086e+03
8.395597064709807711e-01 -2.619912839177295609e+03
8.415610406937958921e-01 -2.619907453932631597e+03
8.435623749166114571e-01 -2.619905968148831107e+03
8.455637091394265781e-01 -2.619905795900162957e+03
8.475650433622416990e-01 -2.619905775973274103e+03
8.495663775850568200e-01 -2.619905746151578569e+03
8.515677118078719410e-01 -2.619905469168063064e+03
8.535690460306875060e-01 -2.619903414659641385e+03
8.555703802535026270e-01 -2.619898951651161951e+03
8.575717144763177480e-01 -2.619897400301919788e+03
8.595730486991328689e-01 -2.619897209259484043e+03
8.615743829219479899e-01 -2.619897188636688952e+03
8.635757171447635550e-01 -2.619897172112053795e+03
8.655770513675786759e-01 -2.619897026413513231e+03
8.675783855903937969e-01 -2.619895854832537225e+03
8.695797198132089179e-01 -2.619892589492263596e+03
8.715810540360240388e-01 -2.619891136586013545e+03
8.735823882588396039e-01 -2.619890943073268318e+03
8.755837224816547248e-01 -2.619890922523052268e+03
8.775850567044698458e-01 -2.619890911215834421e+03
8.795863909272849668e-01 -2.619890817148670521e+03
8.815877251501000877e-01 -2.619890013480422567e+03
8.835890593729156528e-01 -2.619887207378127641e+03
8.855903935957307738e-01 -2.619885592903969155e+03
8.875917278185458947e-01 -2.619885355675866776e+03
8.895930620413610157e-01 -2.619885330772847283e+03
8.915943962641761367e-01 -2.619885323170769880e+03
8.935957304869917017e-01 -2.619885270609748659e+03
8.955970647098068227e-01 -2.619884801719033931e+03
8.975983989326219437e-01 -2.619882804250882600e+03
8.995997331554370646e-01 -2.619881311449537861e+03
9.016010673782521856e-01 -2.619881064199968478e+03
9.036024016010677506e-01 -2.619881037949206075e+03
9.056037358238828716e-01 -2.619881031642974449e+03
9.076050700466979926e-01 -2.619880993494100949e+03
9.096064042695131135e-01 -2.619880642227453791e+03
9.116077384923282345e-01 -2.619878866183588798e+03
9.136090727151437996e-01 -2.619877142994747373e+03
9.156104069379589205e-01 -2.619876814257159822e+03
9.176117411607740415e-01 -2.619876778764126811e+03
9.196130753835891625e-01 -2.619876772674721906e+03
9.216144096064042834e-01 -2.619876745968176692e+03
9.236157438292198485e-01 -2.619876495452493145e+03
9.256170780520349695e-01 -2.619875032530323551e+03
9.276184122748500904e-01 -2.619873199172114255e+03
9.296197464976652114e-01 -2.619872787932388292e+03
9.316210807204803324e-01 -2.619872742324624141e+03
9.336224149432958974e-01 -2.619872736326215090e+03
9.356237491661110184e-01 -2.619872720807704809e+03
9.376250833889261393e-01 -2.619872574903788518e+03
9.396264176117412603e-01 -2.619871615741772530e+03
9.416277518345563813e-01 -2.619870077162748203e+03
9.436290860573719463e-01 -2.619869663869641045e+03
9.456304202801870673e-01 -2.619869616219505588e+03
9.476317545030021883e-01 -2.619869610287724299e+03
9.496330887258173092e-01 -2.619869597703760519e+03
9.516344229486324302e-01 -2.619869478829237778e+03
9.536357571714479953e-01 -2.619868618920475456e+03
9.556370913942631162e-01 -2.619866875381283535e+03
9.576384256170782372e-01 -2.619866305997297786e+03
9.596397598398933582e-01 -2.619866237065978567e+03
9.616410940627084791e-01 -2.619866229222878246e+03
9.636424282855240442e-01 -2.619866218984820989e+03
9.656437625083391652e-01 -2.619866124253151611e+03
9.676450967311542861e-01 -2.619865385076171151e+03
9.696464309539694071e-01 -2.619863519741603795e+03
9.716477651767845281e-01 -2.619862770734830065e+03
9.736490993996000931e-01 -2.619862674353606963e+03
9.756504336224152141e-01 -2.619862664127959761e+03
9.776517678452303350e-01 -2.619862658160832780e+03
9.796531020680454560e-01 -2.619862608093695144e+03
9.816544362908605770e-01 -2.619862193891471634e+03
9.836557705136761420e-01 -2.619860915938841572e+03
9.856571047364912630e-01 -2.619860280265514575e+03
9.876584389593063840e-01 -2.619860192112490950e+03
9.896597731821215049e-01 -2.619860182834994703e+03
9.916611074049366259e-01 -2.619860179034265911e+03
9.936624416277521910e-01 -2.619860149706923494e+03
9.956637758505673119e-01 -2.619859895837930708e+03
9.976651100733824329e-01 -2.619858956622087135e+03
9.996664442961975539e-01 -2.619858375742703629e+03
1.001667778519012675e+00 -2.619858287684418428e+03
1.003669112741828240e+00 -2.619858278255799632e+03
1.005670446964643361e+00 -2.619858273943873428e+03
1.007671781187458482e+00 -2.619858239463665541e+03
1.009673115410273603e+00 -2.619857929970320583e+03
1.011674449633088724e+00 -2.619856584579863920e+03
1.013675783855904289e+00 -2.619855549685164533e+03
1.015677118078719410e+00 -2.619855375782879491e+03
1.017678452301534531e+00 -2.619855357389017172e+03
1.019679786524349652e+00 -2.619855354095083385e+03
1.021681120747164773e+00 -2.619855338843469326e+03
1.023682454969980338e+00 -2.619855199374399035e+03
1.025683789192795459e+00 -2.619854501429741504e+03
1.027685123415610580e+00 -2.619853835519783388e+03
1.029686457638425701e+00 -2.619853709712772343e+03
1.031687791861240822e+00 -2.619853696084578132e+03
1.033689126084056387e+00 -2.619853693052334165e+03
1.035690460306871508e+00 -2.619853675707447110e+03
1.037691794529686629e+00 -2.619853513034400294e+03
1.039693128752501750e+00 -2.619852594057496390e+03
1.041694462975316871e+00 -2.619851512296749206e+03
1.043695797198132436e+00 -2.619851279582687766e+03
1.045697131420947557e+00 -2.619851253775757868e+03
1.047698465643762678e+00 -2.619851248212264181e+03
1.049699799866577798e+00 -2.619851217205324247e+03
1.051701134089392919e+00 -2.619850921746731274e+03
1.053702468312208484e+00 -2.619849071988819105e+03
1.055703802535023605e+00 -2.619846405404642155e+03
1.057705136757838726e+00 -2.619845740437551285e+03
1.059706470980653847e+00 -2.619845618529265266e+03
1.061707805203469412e+00 -2.619845128266149004e+03
1.063709139426284533e+00 -2.619840225618245313e+03
1.065710473649099654e+00 -2.619792545864534077e+03
1.067711807871914775e+00 -2.619467187515473597e+03
1.069713142094729896e+00 -2.618898329945287514e+03
1.071714476317545461e+00 -2.618734613838757014e+03
1.073715810540360582e+00 -2.618715371699461684e+03
1.075717144763175703e+00 -2.618712482313564578e+03
1.077718478985990824e+00 -2.618702367619883262e+03
1.079719813208805945e+00 -2.618604847699772563e+03
1.081721147431621510e+00 -2.617890302388791497e+03
1.083722481654436631e+00 -2.616391340217489869e+03
1.085723815877251752e+00 -2.615886664468725030e+03
1.087725150100066873e+00 -2.615825124222534214e+03
1.089726484322881994e+00 -2.615818934829665068e+03
1.091727818545697559e+00 -2.615818205630308967e+03
1.093729152768512680e+00 -2.615816936845081727e+03
1.095730486991327801e+00 -2.615807533290252195e+03
1.097731821214142922e+00 -2.615784162849186941e+03
1.099733155436958043e+00 -2.615774915637631238e+03
1.101734489659773608e+00 -2.615773731716189559e+03
1.103735823882588729e+00 -2.615773610186336555e+03
1.105737158105403850e+00 -2.615773578103289310e+03
1.107738492328218971e+00 -2.615773374560235879e+03
1.109739826551034092e+00 -2.615771724299964262e+03
1.111741160773849657e+00 -2.615766922282219184e+03
1.113742494996664778e+00 -2.615764683998223063e+03
1.115743829219479899e+00 -2.615764380961218194e+03
1.117745163442295020e+00 -2.615764349105687870e+03
1.119746497665110141e+00 -2.615764335422505155e+03
1.121747831887925706e+00 -2.615764228595999157e+03
1.123749166110740827e+00 -2.615763325415989129e+03
1.125750500333555948e+00 -2.615760290720091234e+03
1.127751834556371069e+00 -2.615758623962078673e+03
1.129753168779186190e+00 -2.615758383668341139e+03
1.131754503002001755e+00 -2.615758358228549241e+03
1.133755837224816876e+00 -2.615758347644854439e+03
1.135757171447631997e+00 -2.615758265528370885e+03
1.137758505670447118e+00 -2.615757548972834229e+03
1.139759839893262239e+00 -2.615754806299506072e+03
1.141761174116077804e+00 -2.615753033999665149e+03
1.143762508338892925e+00 -2.615752760067974123e+03
1.145763842561708046e+00 -2.615752731199552727e+03
1.147765176784523167e+00 -2.615752723369153500e+03
1.149766511007338288e+00 -2.615752672428392998e+03
1.151767845230153853e+00 -2.615752217452019977e+03
1.153769179452968974e+00 -2.615750259989863935e+03
1.155770513675784095e+00 -2.615748776368302970e+03
1.157771847898599216e+00 -2.615748528993349737e+03
1.159773182121414337e+00 -2.615748503640811123e+03
1.161774516344229902e+00 -2.615748507008260276e+03
1.163775850567045023e+00 -2.615748566557178492e+03
1.165777184789860144e+00 -2.615749114831116003e+03
1.167778519012675265e+00 -2.615751732691177040e+03
1.169779853235490386e+00 -2.615754049671066696e+03
1.171781187458305951e+00 -2.615754468125750009e+03
1.173782521681121072e+00 -2.615754502588820742e+03
1.175783855903936193e+00 -2.615754404117528793e+03
1.177785190126751313e+00 -2.615753364724783751e+03
1.179786524349566434e+00 -2.615743667487365201e+03
1.181787858572382000e+00 -2.615692910924754869e+03
1.183789192795197120e+00 -2.615640733736871425e+03
1.185790527018012241e+00 -2.615630408625511336e+03
1.187791861240827362e+00 -2.615629060556299919e+03
1.189793195463642483e+00 -2.615626536425913400e+03
1.191794529686458048e+00 -2.615602088870063653e+03
1.193795863909273169e+00 -2.615371020588060219e+03
1.195797198132088290e+00 -2.614060103613647698e+03
1.197798532354903411e+00 -2.612504978570388630e+03
1.199799866577718532e+00 -2.612168761796919171e+03
1.201801200800534097e+00 -2.612131857822955681e+03
1.203802535023349218e+00 -2.612128122595216610e+03
1.205803869246164339e+00 -2.612126995652752157e+03
1.207805203468979460e+00 -2.612119618080478176e+03
1.209806537691794581e+00 -2.612074928365282176e+03
1.211807871914610146e+00 -2.612014180771343490e+03
1.213809206137425267e+00 -2.611999760276200050e+03
1.215810540360240388e+00 -2.611998146284529867e+03
1.217811874583055509e+00 -2.611997977397979412e+03
1.219813208805870630e+00 -2.611997874884204521e+03
1.221814543028686195e+00 -2.611997035801384300e+03
1.223815877251501316e+00 -2.611991618198912875e+03
1.225817211474316437e+00 -2.611983242243921723e+03
1.227818545697131558e+00 -2.611981055547591041e+03
1.229819879919946679e+00 -2.611980805804154443e+03
1.231821214142762244e+00 -2.611980781851615575e+03
1.233822548365577365e+00 -2.611980788923856380e+03
1.235823882588392486e+00 -2.611980881233535911e+03
1.237825216811207607e+00 -2.611981512178324010e+03
1.239826551034022728e+00 -2.611982612974911717e+03
1.241827885256838293e+00 -2.611982929331752075e+03
1.243829219479653414e+00 -2.611982967671257029e+03
1.245830553702468535e+00 -2.611982985354442917e+03
1.247831887925283656e+00 -2.611983127841278929e+03
1.249833222148098777e+00 -2.611984518785748151e+03
1.251834556370914342e+00 -2.611994440763874991e+03
1.253835890593729463e+00 -2.612013815461076319e+03
1.255837224816544584e+00 -2.612019938086639741e+03
1.257838559039359705e+00 -2.612020687821961474e+03
1.259839893262174826e+00 -2.612020927773015046e+03
1.261841227484990391e+00 -2.612022627103825471e+03
1.263842561707805512e+00 -2.612039273781149859e+03
1.265843895930620633e+00 -2.612162724548593360e+03
1.267845230153435754e+00 -2.612430337420875730e+03
1.269846564376250875e+00 -2.612523171005763743e+03
1.271847898599066440e+00 -2.612534493867688525e+03
1.273849232821881561e+00 -2.612534665790433337e+03
1.275850567044696682e+00 -2.612524859765930614e+03
1.277851901267511803e+00 -2.612426875763138924e+03
1.279853235490326924e+00 -2.611675498345473898e+03
1.281854569713142489e+00 -2.609881978049331337e+03
1.283855903935957610e+00 -2.609200333640413191e+03
1.285857238158772731e+00 -2.609114159370014022e+03
1.287858572381587852e+00 -2.609105287965947809e+03
1.289859906604402973e+00 -2.609102551109621345e+03
1.291861240827218538e+00 -2.609083797764265910e+03
1.293862575050033659e+00 -2.608936500377890752e+03
1.295863909272848780e+00 -2.608552480547287360e+03
1.297865243495663901e+00 -2.608393099347398675e+03
1.299866577718479022e+00 -2.608372376227454424e+03
1.301867911941294587e+00 -2.608370266881545831e+03
1.303869246164109708e+00 -2.608369930805502918e+03
1.305870580386924829e+00 -2.608368618802940091e+03
1.307871914609739949e+00 -2.608358174313837026e+03
1.309873248832555070e+00 -2.608328668531945368e+03
1.311874583055370636e+00 -2.608315347154391020e+03
1.313875917278185756e+00 -2.608313565131163159e+03
1.315877251501000877e+00 -2.608313389677191026e+03
1.317878585723815998e+00 -2.608313428546961859e+03
1.319879919946631119e+00 -2.608313991862798503e+03
1.321881254169446684e+00 -2.608318655481873975e+03
1.323882588392261805e+00 -2.608332828035455350e+03
1.325883922615076926e+00 -2.608339758858633104e+03
1.327885256837892047e+00 -2.608340722267756973e+03
1.329886591060707168e+00 -2.608340909830464625e+03
1.331887925283522733e+00 -2.608341838173451833e+03
1.333889259506337854e+00 -2.608351018013862358e+03
1.335890593729152975e+00 -2.608428130509326820e+03
1.337891927951968096e+00 -2.608678312503187044e+03
1.339893262174783217e+00 -2.608810146857714699e+03
1.341894596397598782e+00 -2.608828789696635340e+03
1.343895930620413903e+00 -2.608830230012296852e+03
1.345897264843229024e+00 -2.608825610034341025e+03
1.347898599066044145e+00 -2.608777507432077073e+03
1.349899933288859266e+00 -2.608367109787158824e+03
1.351901267511674831e+00 -2.606955490736908359e+03
1.353902601734489952e+00 -2.606158057157655094e+03
1.355903935957305073e+00 -2.606041760254545352e+03
1.357905270180120194e+00 -2.606029432404461659e+03
1.359906604402935315e+00 -2.606024346187289666e+03
1.361907938625750880e+00 -2.605985044216806273e+03
1.363909272848566001e+00 -2.605646540421791087e+03
1.365910607071381122e+00 -2.604420413113472932e+03
1.367911941294196243e+00 -2.603682103015745270e+03
1.369913275517011364e+00 -2.603571514021049552e+03
1.371914609739826929e+00 -2.603560073154325437e+03
1.373915943962642050e+00 -2.603558580377642556e+03
1.375917278185457171e+00 -2.603554766822545844e+03
1.377918612408272292e+00 -2.603522420676265028e+03
1.379919946631087413e+00 -2.603399850974618857e+03
1.381921280853902978e+00 -2.603321646098400379e+03
1.383922615076718099e+00 -2.603309627339333019e+03
1.385923949299533220e+00 -2.603308359716730592e+03
1.387925283522348341e+00 -2.603307995023349577e+03
1.389926617745163462e+00 -2.603305551228008426e+03
1.391927951967979027e+00 -2.603284125075625525e+03
1.393929286190794148e+00 -2.603199652341811998e+03
1.395930620413609269e+00 -2.603142895090211823e+03
1.397931954636424390e+00 -2.603133995908373890e+03
1.399933288859239511e+00 -2.603133385074718262e+03
1.401934623082055076e+00 -2.603136520690148245e+03
1.403935957304870197e+00 -2.603168955056012237e+03
1.405937291527685318e+00 -2.603456938185287981e+03
1.407938625750500439e+00 -2.604631209379925167e+03
1.409939959973316004e+00 -2.605456893651381961e+03
1.411941294196131125e+00 -2.605589527787878978e+03
1.413942628418946246e+00 -2.605602443117300027e+03
1.415943962641761367e+00 -2.605594471145936495e+03
1.417945296864576488e+00 -2.605500679078821577e+03
1.419946631087392053e+00 -2.604661855588090475e+03
1.421947965310207174e+00 -2.601143756970183858e+03
1.423949299533022295e+00 -2.598571772122893890e+03
1.425950633755837416e+00 -2.598150456830097937e+03
1.427951967978652537e+00 -2.598106414841507558e+03
1.429953302201468102e+00 -2.598102003706709638e+03
1.431954636424283223e+00 -2.598100911244874624e+03
1.433955970647098344e+00 -2.598094890341805240e+03
1.435957304869913465e+00 -2.598069227907204549e+03
1.437958639092728585e+00 -2.598049852676914270e+03
1.439959973315544151e+00 -2.598046627756217731e+03
1.441961307538359272e+00 -2.598046292915191771e+03
1.443962641761174392e+00 -2.598046291203138026e+03
1.445963975983989513e+00 -2.598046606555852122e+03
1.447965310206804634e+00 -2.598049476394302474e+03
1.449966644429620199e+00 -2.598062015984823120e+03
1.451967978652435320e+00 -2.598071735552861355e+03
1.453969312875250441e+00 -2.598073423675725280e+03
1.455970647098065562e+00 -2.598074104097782765e+03
1.457971981320880683e+00 -2.598079300698551378e+03
1.459973315543696248e+00 -2.598131475435977336e+03
1.461974649766511369e+00 -2.598602710688294792e+03
1.463975983989326490e+00 -2.600688492934151327e+03
1.465977318212141611e+00 -2.602335324020343251e+03
1.467978652434956732e+00 -2.602615659517138283e+03
1.469979986657772297e+00 -2.602644151652483743e+03
1.471981320880587418e+00 -2.602636887206715983e+03
1.473982655103402539e+00 -2.602534651921942441e+03
1.475983989326217660e+00 -2.601607129897366121e+03
1.477985323549032781e+00 -2.597467469056062328e+03
1.479986657771848346e+00 -2.594159090464747351e+03
1.481987991994663467e+00 -2.593592167379244984e+03
1.483989326217478588e+00 -2.593532483398173099e+03
1.485990660440293709e+00 -2.593526542018137661e+03
1.487991994663108830e+00 -2.593525475343812559e+03
1.489993328885924395e+00 -2.593520995173538722e+03
1.491994663108739516e+00 -2.593501176582877633e+03
1.493995997331554637e+00 -2.593485258094565779e+03
1.495997331554369758e+00 -2.593482526102968677e+03
1.497998665777184879e+00 -2.593482272002444915e+03
1.500000000000000000e+00 -2.593482589663370163e+03
