# # hall conductivity
-1.500000000000000000e+00 -1.603677877494285212e+03
-1.497497914929107665e+00 -1.599585306231292179e+03
-1.494995829858215108e+00 -1.599245533170162162e+03
-1.492493744787322774e+00 -1.599218770420916826e+03
-1.489991659716430439e+00 -1.599079547615247066e+03
-1.487489574645537882e+00 -1.596864956483825154e+03
-1.484987489574645547e+00 -1.585320384627566909e+03
-1.482485404503753212e+00 -1.580226282070822435e+03
-1.479983319432860656e+00 -1.579836806920950266e+03
-1.477481234361968321e+00 -1.579814395317619983e+03
-1.474979149291075986e+00 -1.579802416173476331e+03
-1.472477064220183429e+00 -1.579635613255883982e+03
-1.469974979149291094e+00 -1.578918573267102602e+03
-1.467472894078398760e+00 -1.578665024400029552e+03
-1.464970809007506203e+00 -1.578645740286209957e+03
-1.462468723936613868e+00 -1.578623419316052832e+03
-1.459966638865721533e+00 -1.578239584521155166e+03
-1.457464553794828976e+00 -1.572563744664343403e+03
-1.454962468723936642e+00 -1.552667594484079927e+03
-1.452460383653044307e+00 -1.546989898268857132e+03
-1.449958298582151750e+00 -1.546605826427276952e+03
-1.447456213511259415e+00 -1.546581999809057606e+03
-1.444954128440367080e+00 -1.546535860050020801e+03
-1.442452043369474524e+00 -1.545906517397708512e+03
-1.439949958298582189e+00 -1.544126427585260444e+03
-1.437447873227689854e+00 -1.543712358316328391e+03
-1.434945788156797297e+00 -1.543683296876958821e+03
-1.432443703085904962e+00 -1.543640012542271052e+03
-1.429941618015012406e+00 -1.542893680009877698e+03
-1.427439532944120071e+00 -1.533135441124203680e+03
-1.424937447873227736e+00 -1.511042030921327523e+03
-1.422435362802335179e+00 -1.506807086002881078e+03
-1.419933277731442844e+00 -1.506538084991927008e+03
-1.417431192660550510e+00 -1.506435701635835812e+03
-1.414929107589657953e+00 -1.504877675450544075e+03
-1.412427022518765618e+00 -1.486117131892328644e+03
-1.409924937447873283e+00 -1.452337307702263843e+03
-1.407422852376980726e+00 -1.446929215574786667e+03
-1.404920767306088392e+00 -1.446600645137594256e+03
-1.402418682235196057e+00 -1.446570356694950078e+03
-1.399916597164303500e+00 -1.446354638872270925e+03
-1.397414512093411165e+00 -1.444008427847569237e+03
-1.394912427022518830e+00 -1.440664341890260403e+03
-1.392410341951626274e+00 -1.440210241488959582e+03
-1.389908256880733939e+00 -1.440179800340017209e+03
-1.387406171809841604e+00 -1.440114064092887929e+03
-1.384904086738949047e+00 -1.438995658176290590e+03
-1.382402001668056712e+00 -1.428099305114263871e+03
-1.379899916597164378e+00 -1.415841401090803856e+03
-1.377397831526271821e+00 -1.414407403721789251e+03
-1.374895746455379486e+00 -1.414317533513285753e+03
-1.372393661384487151e+00 -1.414197222601798785e+03
-1.369891576313594594e+00 -1.412210598975067569e+03
-1.367389491242702260e+00 -1.395252234307418576e+03
-1.364887406171809925e+00 -1.380215589592039350e+03
-1.362385321100917368e+00 -1.378674294715030783e+03
-1.359883236030025033e+00 -1.378584625913031005e+03
-1.357381150959132698e+00 -1.378559288638651424e+03
-1.354879065888240142e+00 -1.378213833898072835e+03
-1.352376980817347807e+00 -1.375676799387041683e+03
-1.349874895746455472e+00 -1.373903218153599937e+03
-1.347372810675562915e+00 -1.373740852242538722e+03
-1.344870725604670580e+00 -1.373726052957227012e+03
-1.342368640533778246e+00 -1.373624211775680578e+03
-1.339866555462885689e+00 -1.371953897925694264e+03
-1.337364470391993354e+00 -1.361564949591974937e+03
-1.334862385321101019e+00 -1.355827726713535412e+03
-1.332360300250208462e+00 -1.355352314713519263e+03
-1.329858215179316128e+00 -1.355321323661052247e+03
-1.327356130108423571e+00 -1.355243699829136176e+03
-1.324854045037531236e+00 -1.354024419953022743e+03
-1.322351959966638901e+00 -1.347708934084681914e+03
-1.319849874895746566e+00 -1.344943532463574229e+03
-1.317347789824854010e+00 -1.344732853965167124e+03
-1.314845704753961675e+00 -1.344724749816321264e+03
-1.312343619683069118e+00 -1.344791029172325125e+03
-1.309841534612176783e+00 -1.345823655965755052e+03
-1.307339449541284448e+00 -1.350214414224580423e+03
-1.304837364470392114e+00 -1.351747512193402599e+03
-1.302335279399499557e+00 -1.351857508241816276e+03
-1.299833194328607222e+00 -1.351878492341470064e+03
-1.297331109257714665e+00 -1.352147074050163837e+03
-1.294829024186822330e+00 -1.356098141864779791e+03
-1.292326939115929996e+00 -1.369713350226675175e+03
-1.289824854045037661e+00 -1.373533054398709737e+03
-1.287322768974145104e+00 -1.373790761901646192e+03
-1.284820683903252769e+00 -1.373813221160266949e+03
-1.282318598832360212e+00 -1.373960640107744211e+03
-1.279816513761467878e+00 -1.375998994979988311e+03
-1.277314428690575543e+00 -1.381630691339336408e+03
-1.274812343619682986e+00 -1.382912666005376650e+03
-1.272310258548790651e+00 -1.382995526741656704e+03
-1.269808173477898317e+00 -1.383005873081484879e+03
-1.267306088407005760e+00 -1.383109180809802183e+03
-1.264804003336113425e+00 -1.384443131695828242e+03
-1.262301918265221090e+00 -1.387372303354580936e+03
-1.259799833194328533e+00 -1.387919875879656047e+03
-1.257297748123436198e+00 -1.387954913286434930e+03
-1.254795663052543864e+00 -1.387975462554353953e+03
-1.252293577981651307e+00 -1.388306350477114847e+03
-1.249791492910758972e+00 -1.392232448353001473e+03
-1.247289407839866637e+00 -1.399037544708447513e+03
-1.244787322768974080e+00 -1.400096680517248160e+03
-1.242285237698081746e+00 -1.400158918079382374e+03
-1.239783152627189411e+00 -1.400131058287888209e+03
-1.237281067556296854e+00 -1.399580140051654098e+03
-1.234778982485404519e+00 -1.393683485368496576e+03
-1.232276897414512185e+00 -1.385655957928479665e+03
-1.229774812343619628e+00 -1.384598618720092873e+03
-1.227272727272727293e+00 -1.384531557874884584e+03
-1.224770642201834736e+00 -1.384443901548447911e+03
-1.222268557130942401e+00 -1.382982062835498255e+03
-1.219766472060050067e+00 -1.369139894736200404e+03
-1.217264386989157732e+00 -1.354386258370980158e+03
-1.214762301918265175e+00 -1.352714500485130884e+03
-1.212260216847372840e+00 -1.352623901501557157e+03
-1.209758131776480283e+00 -1.352735959231937613e+03
-1.207256046705587949e+00 -1.354742391178166372e+03
-1.204753961634695614e+00 -1.371246244087243667e+03
-1.202251876563803279e+00 -1.384999280980551703e+03
-1.199749791492910722e+00 -1.386365655045037329e+03
-1.197247706422018387e+00 -1.386453724723684900e+03
-1.194745621351125831e+00 -1.386636709206457681e+03
-1.192243536280233496e+00 -1.389631592063051585e+03
-1.189741451209341161e+00 -1.410617472568814037e+03
-1.187239366138448826e+00 -1.424295888737217183e+03
-1.184737281067556269e+00 -1.425507510859573131e+03
-1.182235195996663935e+00 -1.425569241041667510e+03
-1.179733110925771378e+00 -1.425446687329934093e+03
-1.177231025854879043e+00 -1.423383133121355513e+03
-1.174728940783986708e+00 -1.411283470452975052e+03
-1.172226855713094373e+00 -1.405100639894176538e+03
-1.169724770642201817e+00 -1.404602669251853285e+03
-1.167222685571309482e+00 -1.404563979651074987e+03
-1.164720600500416925e+00 -1.404368570126406667e+03
-1.162218515429524590e+00 -1.401303695311036108e+03
-1.159716430358632255e+00 -1.386523966920856765e+03
-1.157214345287739921e+00 -1.380577412894811687e+03
-1.154712260216847364e+00 -1.380136340600587573e+03
-1.152210175145955029e+00 -1.380118183653431743e+03
-1.149708090075062472e+00 -1.380234362594962022e+03
-1.147206005004170137e+00 -1.382015814760922240e+03
-1.144703919933277803e+00 -1.388975600895949810e+03
-1.142201834862385468e+00 -1.391195002074431386e+03
-1.139699749791492911e+00 -1.391349993272621532e+03
-1.137197664720600576e+00 -1.391371861923487586e+03
-1.134695579649708019e+00 -1.391611136243634974e+03
-1.132193494578815685e+00 -1.395043236802417368e+03
-1.129691409507923350e+00 -1.405762817885690538e+03
-1.127189324437030793e+00 -1.408496213484500913e+03
-1.124687239366138458e+00 -1.408675300414196954e+03
-1.122185154295246123e+00 -1.408665275462634781e+03
-1.119683069224353567e+00 -1.408307801912849754e+03
-1.117180984153461232e+00 -1.403494237691379112e+03
-1.114678899082568897e+00 -1.391605548435201172e+03
-1.112176814011676340e+00 -1.389153642124827002e+03
-1.109674728940784005e+00 -1.389000062597829128e+03
-1.107172643869891671e+00 -1.389016556879611244e+03
-1.104670558798999114e+00 -1.389461603576750349e+03
-1.102168473728106779e+00 -1.394977699120489206e+03
-1.099666388657214444e+00 -1.405656440895518472e+03
-1.097164303586321887e+00 -1.407462751389670984e+03
-1.094662218515429553e+00 -1.407574739769904909e+03
-1.092160133444536996e+00 -1.407609372404362603e+03
-1.089658048373644661e+00 -1.408112876686433992e+03
-1.087155963302752326e+00 -1.413748379596587483e+03
-1.084653878231859991e+00 -1.422243048394109110e+03
-1.082151793160967435e+00 -1.423440667498031189e+03
-1.079649708090075100e+00 -1.423514084103488813e+03
-1.077147623019182543e+00 -1.423555820788669052e+03
-1.074645537948290208e+00 -1.424215297031859791e+03
-1.072143452877397873e+00 -1.430764637219755286e+03
-1.069641367806505539e+00 -1.438416208623331840e+03
-1.067139282735612982e+00 -1.439332015947263244e+03
-1.064637197664720647e+00 -1.439393989304644492e+03
-1.062135112593828090e+00 -1.439551873192071298e+03
-1.059633027522935755e+00 -1.442214948313170453e+03
-1.057130942452043421e+00 -1.465197861826111421e+03
-1.054628857381151086e+00 -1.485956129382323752e+03
-1.052126772310258529e+00 -1.488104634913416248e+03
-1.049624687239366194e+00 -1.488232781401313105e+03
-1.047122602168473637e+00 -1.488323377152297780e+03
-1.044620517097581303e+00 -1.489736761321140648e+03
-1.042118432026688968e+00 -1.500110591470469899e+03
-1.039616346955796633e+00 -1.507350773328837249e+03
-1.037114261884904076e+00 -1.508011653170433874e+03
-1.034612176814011741e+00 -1.508045457302923069e+03
-1.032110091743119185e+00 -1.507979227729984132e+03
-1.029608006672226850e+00 -1.506856423937497311e+03
-1.027105921601334515e+00 -1.499986671119757375e+03
-1.024603836530442180e+00 -1.496275556264718261e+03
-1.022101751459549623e+00 -1.495971463621217026e+03
-1.019599666388657289e+00 -1.495967141078831219e+03
-1.017097581317764732e+00 -1.496198626528164823e+03
-1.014595496246872397e+00 -1.499896879726561565e+03
-1.012093411175980062e+00 -1.518390220426421820e+03
-1.009591326105087727e+00 -1.526154044134020978e+03
-1.007089241034195171e+00 -1.526738023517125839e+03
-1.004587155963302836e+00 -1.526769422237112394e+03
-1.002085070892410279e+00 -1.526748161675968731e+03
-9.995829858215179442e-01 -1.526396720038239891e+03
-9.970809007506254984e-01 -1.524984665768385639e+03
-9.945788156797331636e-01 -1.524520875071804085e+03
-9.920767306088407178e-01 -1.524486852329724115e+03
-9.895746455379482720e-01 -1.524456922693027536e+03
-9.870725604670559372e-01 -1.523951224454312523e+03
-9.845704753961634914e-01 -1.516652065371245726e+03
-9.820683903252710456e-01 -1.493453449880919607e+03
-9.795663052543787108e-01 -1.487438770200933732e+03
-9.770642201834862650e-01 -1.487042378546215332e+03
-9.745621351125938192e-01 -1.487048245648746388e+03
-9.720600500417014844e-01 -1.487546763317694968e+03
-9.695579649708090386e-01 -1.494276882774243859e+03
-9.670558798999165928e-01 -1.510990223003295796e+03
-9.645537948290242580e-01 -1.514453411579898784e+03
-9.620517097581318122e-01 -1.514671136336314021e+03
-9.595496246872393664e-01 -1.514659081560540926e+03
-9.570475396163470316e-01 -1.514230239658268829e+03
-9.545454545454545858e-01 -1.508927575116607159e+03
-9.520433694745621400e-01 -1.498741245296012721e+03
-9.495412844036696942e-01 -1.497028492740266529e+03
-9.470391993327773594e-01 -1.496922789236498829e+03
-9.445371142618849136e-01 -1.496897059650554866e+03
-9.420350291909924678e-01 -1.496545167199218668e+03
-9.395329441201001330e-01 -1.492644976159895577e+03
-9.370308590492076872e-01 -1.486893119110626458e+03
-9.345287739783152414e-01 -1.486094481608185333e+03
-9.320266889074229066e-01 -1.486050857607939861e+03
-9.295246038365304608e-01 -1.486118702170482720e+03
-9.270225187656380150e-01 -1.487344987822747726e+03
-9.245204336947456802e-01 -1.499302775223130084e+03
-9.220183486238532344e-01 -1.512772388412964119e+03
-9.195162635529607886e-01 -1.514348721824911763e+03
-9.170141784820684538e-01 -1.514435814864897111e+03
-9.145120934111760080e-01 -1.514354636160777773e+03
-9.120100083402835622e-01 -1.512877932877712283e+03
-9.095079232693912274e-01 -1.500513400060829554e+03
-9.070058381984987816e-01 -1.489904221783856428e+03
-9.045037531276063358e-01 -1.488835062251304407e+03
-9.020016680567140011e-01 -1.488775372812869364e+03
-8.994995829858215552e-01 -1.488801703439163930e+03
-8.969974979149291094e-01 -1.489299410065116717e+03
-8.944954128440367747e-01 -1.492794524966098379e+03
-8.919933277731443289e-01 -1.495078289967626688e+03
-8.894912427022518830e-01 -1.495280784890560426e+03
-8.869891576313594372e-01 -1.495290821263475664e+03
-8.844870725604671025e-01 -1.495265226998950084e+03
-8.819849874895746566e-01 -1.494838091393097102e+03
-8.794829024186822108e-01 -1.492380435914761847e+03
-8.769808173477898761e-01 -1.491154635417133250e+03
-8.744787322768974303e-01 -1.491056554197708692e+03
-8.719766472060049844e-01 -1.491044983841522253e+03
-8.694745621351126497e-01 -1.490934822839932849e+03
-8.669724770642202039e-01 -1.489212157349039671e+03
-8.644703919933277581e-01 -1.481259269801118762e+03
-8.619683069224354233e-01 -1.478215811620408203e+03
-8.594662218515429775e-01 -1.477993349127348210e+03
-8.569641367806505317e-01 -1.477982068144054210e+03
-8.544620517097581969e-01 -1.478001981903776823e+03
-8.519599666388657511e-01 -1.478309149771159355e+03
-8.494578815679733053e-01 -1.479426094658040483e+03
-8.469557964970809705e-01 -1.479756795295294523e+03
-8.444537114261885247e-01 -1.479779420370998878e+03
-8.419516263552960789e-01 -1.479781837232815633e+03
-8.394495412844037441e-01 -1.479802773943056309e+03
-8.369474562135112983e-01 -1.480094484417551485e+03
-8.344453711426188525e-01 -1.480916591847000518e+03
-8.319432860717265177e-01 -1.481107180965725092e+03
-8.294412010008340719e-01 -1.481120617095070202e+03
-8.269391159299416261e-01 -1.481141781432717153e+03
-8.244370308590491803e-01 -1.481507023056143908e+03
-8.219349457881568455e-01 -1.486205221766464774e+03
-8.194328607172643997e-01 -1.496337166856419799e+03
-8.169307756463719539e-01 -1.498203279617778890e+03
-8.144286905754796191e-01 -1.498316260942953932e+03
-8.119266055045871733e-01 -1.498274044587996968e+03
-8.094245204336947275e-01 -1.497415023733117096e+03
-8.069224353628023927e-01 -1.487455705379526989e+03
-8.044203502919099469e-01 -1.471182203203698691e+03
-8.019182652210175011e-01 -1.468755007274804257e+03
-7.994161801501251663e-01 -1.468610374582259510e+03
-7.969140950792327205e-01 -1.468621711509210400e+03
-7.944120100083402747e-01 -1.468959806897450335e+03
-7.919099249374479399e-01 -1.472409861758691250e+03
-7.894078398665554941e-01 -1.476651634760676643e+03
-7.869057547956630483e-01 -1.477174970270761150e+03
-7.844036697247707135e-01 -1.477202263162397685e+03
-7.819015846538782677e-01 -1.477142383417485689e+03
-7.793994995829858219e-01 -1.476082996911084592e+03
-7.768974145120934871e-01 -1.466832273734588171e+03
-7.743953294412010413e-01 -1.458309199121657230e+03
-7.718932443703085955e-01 -1.457417990836249373e+03
-7.693911592994162607e-01 -1.457368916692258381e+03
-7.668890742285238149e-01 -1.457406649608144335e+03
-7.643869891576313691e-01 -1.458089564178270848e+03
-7.618849040867389233e-01 -1.463064352498261769e+03
-7.593828190158465885e-01 -1.466495156195321897e+03
-7.568807339449541427e-01 -1.466806262429013259e+03
-7.543786488740616969e-01 -1.466815072023815219e+03
-7.518765638031693621e-01 -1.466654905158453403e+03
-7.493744787322769163e-01 -1.464018696546915407e+03
-7.468723936613844705e-01 -1.448417279287496513e+03
-7.443703085904921357e-01 -1.440348043619294003e+03
-7.418682235195996899e-01 -1.439696049309908403e+03
-7.393661384487072441e-01 -1.439660000441789180e+03
-7.368640533778149093e-01 -1.439669388855767920e+03
-7.343619683069224635e-01 -1.439848628452177991e+03
-7.318598832360300177e-01 -1.440690388713432412e+03
-7.293577981651376829e-01 -1.441018597316173782e+03
-7.268557130942452371e-01 -1.441041912427582020e+03
-7.243536280233527913e-01 -1.441028298017694169e+03
-7.218515429524604565e-01 -1.440758760800248865e+03
-7.193494578815680107e-01 -1.436735360970393458e+03
-7.168473728106755649e-01 -1.422077304849211487e+03
-7.143452877397832301e-01 -1.417728520685011063e+03
-7.118432026688907843e-01 -1.417431770572147570e+03
-7.093411175979983385e-01 -1.417416872677226820e+03
-7.068390325271060037e-01 -1.417444588176898606e+03
-7.043369474562135579e-01 -1.417842966528619627e+03
-7.018348623853211121e-01 -1.418949513997934218e+03
-6.993327773144286663e-01 -1.419202529508473162e+03
-6.968306922435363315e-01 -1.419217847204893133e+03
-6.943286071726438857e-01 -1.419200676241647216e+03
-6.918265221017514399e-01 -1.418878751841818030e+03
-6.893244370308591051e-01 -1.414783489294100491e+03
-6.868223519599666593e-01 -1.406237552940780461e+03
-6.843202668890742135e-01 -1.404704479486177661e+03
-6.818181818181818787e-01 -1.404610064260831678e+03
-6.793160967472894329e-01 -1.404608115503527188e+03
-6.768140116763969871e-01 -1.404665600668770367e+03
-6.743119266055046523e-01 -1.405320627403988510e+03
-6.718098415346122065e-01 -1.406336602342629249e+03
-6.693077564637197607e-01 -1.406482574637500420e+03
-6.668056713928274259e-01 -1.406489388296073002e+03
-6.643035863219349801e-01 -1.406455100182743763e+03
-6.618015012510425343e-01 -1.405849462115325196e+03
-6.592994161801501996e-01 -1.399895803816556963e+03
-6.567973311092577537e-01 -1.393082569224211056e+03
-6.542952460383653079e-01 -1.392277594319661375e+03
-6.517931609674729732e-01 -1.392231146659851674e+03
-6.492910758965805273e-01 -1.392237530097955869e+03
-6.467889908256880815e-01 -1.392390750807896211e+03
-6.442869057547957468e-01 -1.393659219530090240e+03
-6.417848206839033010e-01 -1.394726143287616651e+03
-6.392827356130108551e-01 -1.394832544255400762e+03
-6.367806505421185204e-01 -1.394837688773284071e+03
-6.342785654712260746e-01 -1.394820693413352501e+03
-6.317764804003336288e-01 -1.394531713649402036e+03
-6.292743953294411829e-01 -1.392580532473605672e+03
-6.267723102585488482e-01 -1.391374617343000182e+03
-6.242702251876564024e-01 -1.391270156979568355e+03
-6.217681401167639565e-01 -1.391264608117097396e+03
-6.192660550458716218e-01 -1.391270840679573439e+03
-6.167639699749791760e-01 -1.391376390598303715e+03
-6.142618849040867302e-01 -1.391941535994633114e+03
-6.117597998331943954e-01 -1.392199072748946719e+03
-6.092577147623019496e-01 -1.392218305668786343e+03
-6.067556296914095038e-01 -1.392207171435218243e+03
-6.042535446205171690e-01 -1.391986096724398067e+03
-6.017514595496247232e-01 -1.388593558159394206e+03
-5.992493744787322774e-01 -1.374566048591185108e+03
-5.967472894078399426e-01 -1.369814469875364466e+03
-5.942452043369474968e-01 -1.369479397981158627e+03
-5.917431192660550510e-01 -1.369470228080887864e+03
-5.892410341951627162e-01 -1.369640328575519789e+03
-5.867389491242702704e-01 -1.372099547167715400e+03
-5.842368640533778246e-01 -1.379778978141632706e+03
-5.817347789824854898e-01 -1.381736703251119025e+03
-5.792326939115930440e-01 -1.381864274299175349e+03
-5.767306088407005982e-01 -1.381844490836867180e+03
-5.742285237698082634e-01 -1.381363731473667031e+03
-5.717264386989158176e-01 -1.375025424891194689e+03
-5.692243536280233718e-01 -1.360347411786941393e+03
-5.667222685571309260e-01 -1.357480870795557621e+03
-5.642201834862385912e-01 -1.357302590177154798e+03
-5.617180984153461454e-01 -1.357313263633397128e+03
-5.592160133444536996e-01 -1.357677169168844557e+03
-5.567139282735613648e-01 -1.361963158347403123e+03
-5.542118432026689190e-01 -1.369222988509372499e+03
-5.517097581317764732e-01 -1.370334131847187336e+03
-5.492076730608841384e-01 -1.370400042585882147e+03
-5.467055879899916926e-01 -1.370384991146685479e+03
-5.442035029190992468e-01 -1.370057614303685114e+03
-5.417014178482069120e-01 -1.366722188142920913e+03
-5.391993327773144662e-01 -1.362628788398131064e+03
-5.366972477064220204e-01 -1.362124259749096836e+03
-5.341951626355296856e-01 -1.362096749130608941e+03
-5.316930775646372398e-01 -1.362132542795254039e+03
-5.291909924937447940e-01 -1.362774711629308513e+03
-5.266889074228524592e-01 -1.368249965751843092e+03
-5.241868223519600134e-01 -1.373092934341768569e+03
-5.216847372810675676e-01 -1.373588641640790911e+03
-5.191826522101752328e-01 -1.373615967260402840e+03
-5.166805671392827870e-01 -1.373596623937025925e+03
-5.141784820683903412e-01 -1.373247042306441926e+03
-5.116763969974980064e-01 -1.370835752295454313e+03
-5.091743119266055606e-01 -1.369300020672395704e+03
-5.066722268557131148e-01 -1.369165388414078961e+03
-5.041701417848206690e-01 -1.369159756200264155e+03
-5.016680567139283342e-01 -1.369195535358997176e+03
-4.991659716430358884e-01 -1.369779063062869454e+03
-4.966638865721435536e-01 -1.372928134323149834e+03
-4.941618015012509968e-01 -1.374377545991090074e+03
-4.916597164303586620e-01 -1.374489965912342996e+03
-4.891576313594663272e-01 -1.374496962651869353e+03
-4.866555462885737704e-01 -1.374509852241539420e+03
-4.841534612176814356e-01 -1.374701956834372140e+03
-4.816513761467891008e-01 -1.375489243872446195e+03
-4.791492910758965440e-01 -1.375753374552597734e+03
-4.766472060050042092e-01 -1.375771220883340675e+03
-4.741451209341118744e-01 -1.375758334943538102e+03
-4.716430358632193176e-01 -1.375508290572000760e+03
-4.691409507923269828e-01 -1.371940732826380781e+03
-4.666388657214346480e-01 -1.361112424093135814e+03
-4.641367806505420912e-01 -1.358424938269250561e+03
-4.616346955796497564e-01 -1.358249240379221646e+03
-4.591326105087574216e-01 -1.358247413040344782e+03
-4.566305254378648648e-01 -1.358388403775590177e+03
-4.541284403669725300e-01 -1.360222241336154866e+03
-4.516263552960801952e-01 -1.364262253442237352e+03
-4.491242702251876384e-01 -1.365019371937674123e+03
-4.466221851542953036e-01 -1.365065805580006099e+03
-4.441201000834029688e-01 -1.365057080694491560e+03
-4.416180150125104120e-01 -1.364857258452010683e+03
-4.391159299416180772e-01 -1.362574842149957931e+03
-4.366138448707257425e-01 -1.358978876611595069e+03
-4.341117597998331856e-01 -1.358456263779722349e+03
-4.316096747289408508e-01 -1.358426791697354702e+03
-4.291075896580485161e-01 -1.358457705037437790e+03
-4.266055045871559592e-01 -1.359025398643065955e+03
-4.241034195162636244e-01 -1.364534601338562879e+03
-4.216013344453712897e-01 -1.370682733954073001e+03
-4.190992493744787328e-01 -1.371398404771769265e+03
-4.165971643035863980e-01 -1.371439967600693308e+03
-4.140950792326940633e-01 -1.371440434224318096e+03
-4.115929941618015064e-01 -1.371409485707629528e+03
-4.090909090909091717e-01 -1.371162857978529246e+03
-4.065888240200166148e-01 -1.370968760707569800e+03
-4.040867389491242800e-01 -1.370949786819546944e+03
-4.015846538782319453e-01 -1.370944453696051141e+03
-3.990825688073393884e-01 -1.370867097832049922e+03
-3.965804837364470536e-01 -1.369592240005845269e+03
-3.940783986655547189e-01 -1.361629499336351500e+03
-3.915763135946621620e-01 -1.357207380147849562e+03
-3.890742285237698272e-01 -1.356840328484197698e+03
-3.865721434528774925e-01 -1.356819681939352222e+03
-3.840700583819849356e-01 -1.356819382411606057e+03
-3.815679733110926009e-01 -1.356832506674561273e+03
-3.790658882402002661e-01 -1.356895020186671900e+03
-3.765638031693077092e-01 -1.356919677714201043e+03
-3.740617180984153745e-01 -1.356921403390187834e+03
-3.715596330275230397e-01 -1.356919790000428293e+03
-3.690575479566304828e-01 -1.356888912771379182e+03
-3.665554628857381481e-01 -1.356432731356539989e+03
-3.640533778148458133e-01 -1.354841781232564017e+03
-3.615512927439532564e-01 -1.354390112269638621e+03
-3.590492076730609217e-01 -1.354360010337226640e+03
-3.565471226021685869e-01 -1.354365700133466135e+03
-3.540450375312760301e-01 -1.354497730166197243e+03
-3.515429524603836953e-01 -1.356281064311717046e+03
-3.490408673894913605e-01 -1.360741726568063086e+03
-3.465387823185988037e-01 -1.361671806218602342e+03
-3.440366972477064689e-01 -1.361730769852150161e+03
-3.415346121768141341e-01 -1.361735289165003678e+03
-3.390325271059215773e-01 -1.361757851583853153e+03
-3.365304420350292425e-01 -1.362025159468131051e+03
-3.340283569641369077e-01 -1.362495677055573196e+03
-3.315262718932443509e-01 -1.362569681148002928e+03
-3.290241868223520161e-01 -1.362572876568742458e+03
-3.265221017514596813e-01 -1.362549744536434673e+03
-3.240200166805671245e-01 -1.362141183506079869e+03
-3.215179316096747897e-01 -1.357987772988043389e+03
-3.190158465387824549e-01 -1.352907199807792495e+03
-3.165137614678898981e-01 -1.352282187400543307e+03
-3.140116763969975633e-01 -1.352246668809424136e+03
-3.115095913261052285e-01 -1.352264622686296661e+03
-3.090075062552126717e-01 -1.352606173186877413e+03
-3.065054211843203369e-01 -1.355439065372609321e+03
-3.040033361134280021e-01 -1.357831528667495604e+03
-3.015012510425354453e-01 -1.358070698633434404e+03
-2.989991659716431105e-01 -1.358083903161636044e+03
-2.964970809007507757e-01 -1.358075518011645499e+03
-2.939949958298582189e-01 -1.357924057917293339e+03
-2.914929107589658841e-01 -1.356943329797460365e+03
-2.889908256880735493e-01 -1.356371611466729973e+03
-2.864887406171809925e-01 -1.356323036135383290e+03
-2.839866555462886577e-01 -1.356316507225971463e+03
-2.814845704753961009e-01 -1.356247662112177750e+03
-2.789824854045037661e-01 -1.355160579589373810e+03
-2.764804003336114313e-01 -1.349888237245590744e+03
-2.739783152627188745e-01 -1.347752795381598844e+03
-2.714762301918265397e-01 -1.347593906192191071e+03
-2.689741451209342049e-01 -1.347584216759357787e+03
-2.664720600500416481e-01 -1.347569147064961271e+03
-2.639699749791493133e-01 -1.347353444170347302e+03
-2.614678899082569785e-01 -1.346597206734552401e+03
-2.589658048373644217e-01 -1.346381337344112808e+03
-2.564637197664720869e-01 -1.346366599642281244e+03
-2.539616346955797521e-01 -1.346363240720678050e+03
-2.514595496246871953e-01 -1.346317613101170082e+03
-2.489574645537948605e-01 -1.345705223843398699e+03
-2.464553794829025257e-01 -1.344196541230115827e+03
-2.439532944120099689e-01 -1.343886026901320520e+03
-2.414512093411176341e-01 -1.343865902555693310e+03
-2.389491242702252993e-01 -1.343855522119973102e+03
-2.364470391993327425e-01 -1.343690887949043145e+03
-2.339449541284404077e-01 -1.341754821170791956e+03
-2.314428690575480729e-01 -1.338472818530242648e+03
-2.289407839866555161e-01 -1.337970168216651473e+03
-2.264386989157631813e-01 -1.337939667438313791e+03
-2.239366138448708465e-01 -1.337934024254179349e+03
-2.214345287739782897e-01 -1.337864689198843053e+03
-2.189324437030859549e-01 -1.337182013507041120e+03
-2.164303586321936201e-01 -1.336396276174107243e+03
-2.139282735613010633e-01 -1.336303101296563909e+03
-2.114261884904087285e-01 -1.336297327198064750e+03
-2.089241034195163937e-01 -1.336290853234467477e+03
-2.064220183486238369e-01 -1.336185823800902426e+03
-2.039199332777315021e-01 -1.335359151183013182e+03
-2.014178482068391673e-01 -1.334716997967578891e+03
-1.989157631359466105e-01 -1.334655289589149788e+03
-1.964136780650542757e-01 -1.334650116885054103e+03
-1.939115929941619410e-01 -1.334619922754053732e+03
-1.914095079232693841e-01 -1.334128226868637284e+03
-1.889074228523770493e-01 -1.331184573104565288e+03
-1.864053377814847146e-01 -1.329638971029087998e+03
-1.839032527105921577e-01 -1.329513384030431098e+03
-1.814011676396998229e-01 -1.329506371275728497e+03
-1.788990825688074882e-01 -1.329506983239443116e+03
-1.763969974979149313e-01 -1.329522466478042816e+03
-1.738949124270225965e-01 -1.329589980100767207e+03
-1.713928273561302618e-01 -1.329614174311323040e+03
-1.688907422852377049e-01 -1.329615822201322771e+03
-1.663886572143453701e-01 -1.329614312191878298e+03
-1.638865721434530354e-01 -1.329585449826623744e+03
-1.613844870725604785e-01 -1.329173086867380334e+03
-1.588824020016681438e-01 -1.327914786745442825e+03
-1.563803169307758090e-01 -1.327600889659838458e+03
-1.538782318598832521e-01 -1.327579788295180606e+03
-1.513761467889909174e-01 -1.327569372242993040e+03
-1.488740617180983605e-01 -1.327404101893496772e+03
-1.463719766472060257e-01 -1.325305727522524649e+03
-1.438698915763136910e-01 -1.320944405213268737e+03
-1.413678065054211341e-01 -1.320164517745848116e+03
-1.388657214345287993e-01 -1.320116581444265194e+03
-1.363636363636364646e-01 -1.320116846469485154e+03
-1.338615512927439077e-01 -1.320168017715776159e+03
-1.313594662218515730e-01 -1.320722109722576079e+03
-1.288573811509592382e-01 -1.321491539242932504e+03
-1.263552960800666813e-01 -1.321594177691562663e+03
-1.238532110091743466e-01 -1.321600115623451529e+03
-1.213511259382820118e-01 -1.321598014099429747e+03
-1.188490408673894549e-01 -1.321556124834290358e+03
-1.163469557964971202e-01 -1.321190976432643538e+03
-1.138448707256047854e-01 -1.320855753717004745e+03
-1.113427856547122285e-01 -1.320820730532918105e+03
-1.088407005838198938e-01 -1.320818117584434503e+03
-1.063386155129275590e-01 -1.320807135713668004e+03
-1.038365304420350022e-01 -1.320626200084217089e+03
-1.013344453711426674e-01 -1.319421845703215695e+03
-9.883236030025033259e-02 -1.318692167640414482e+03
-9.633027522935777576e-02 -1.318629604127509083e+03
-9.382819015846544097e-02 -1.318628608363265585e+03
-9.132610508757310619e-02 -1.318674520766152909e+03
-8.882402001668054936e-02 -1.319403542921358166e+03
-8.632193494578821458e-02 -1.322923580082180933e+03
-8.381984987489587979e-02 -1.324341882150959691e+03
-8.131776480400332296e-02 -1.324447197250221279e+03
-7.881567973311098818e-02 -1.324452798477215083e+03
-7.631359466221865340e-02 -1.324447970602544729e+03
-7.381150959132609657e-02 -1.324372632721529499e+03
-7.130942452043376178e-02 -1.324120131607696521e+03
-6.880733944954142700e-02 -1.324051218593292788e+03
-6.630525437864887017e-02 -1.324046515141416876e+03
-6.380316930775653539e-02 -1.324044583331014337e+03
-6.130108423686420061e-02 -1.324014656508330518e+03
-5.879899916597164378e-02 -1.323624455179932966e+03
-5.629691409507930899e-02 -1.322747476619789722e+03
-5.379482902418697421e-02 -1.322580367969141435e+03
-5.129274395329441738e-02 -1.322569352056616935e+03
-4.879065888240208260e-02 -1.322557787809978663e+03
-4.628857381150974781e-02 -1.322364188274223352e+03
-4.378648874061719098e-02 -1.320218181589732922e+03
-4.128440366972485620e-02 -1.317057736765208119e+03
-3.878231859883252142e-02 -1.316619213920132552e+03
-3.628023352793996459e-02 -1.316593146735134496e+03
-3.377814845704762980e-02 -1.316591764799732346e+03
-3.127606338615529502e-02 -1.316592618150590624e+03
-2.877397831526273819e-02 -1.316600910147707282e+03
-2.627189324437040341e-02 -1.316608812285728618e+03
-2.376980817347784658e-02 -1.316609634673529172e+03
-2.126772310258551180e-02 -1.316609336360626912e+03
-1.876563803169317701e-02 -1.316603045756336996e+03
-1.626355296080062018e-02 -1.316498158989529429e+03
-1.376146788990828540e-02 -1.315792817427884302e+03
-1.125938281901595062e-02 -1.315359313970018093e+03
-8.757297748123393788e-03 -1.315321822245872454e+03
-6.255212677231059004e-03 -1.315319336664712637e+03
-3.753127606338724220e-03 -1.315312600684193740e+03
-1.251042535446167392e-03 -1.315208054945255526e+03
1.251042535446167392e-03 -1.314706650057506067e+03
3.753127606338502176e-03 -1.314506175736562454e+03
6.255212677231059004e-03 -1.314491287654768485e+03
8.757297748123393788e-03 -1.314489814800764179e+03
1.125938281901572857e-02 -1.314478207423497224e+03
1.376146788990828540e-02 -1.314310236561993634e+03
1.626355296080062018e-02 -1.313762957991282974e+03
1.876563803169295497e-02 -1.313617627024232206e+03
2.126772310258551180e-02 -1.313607959200636742e+03
2.376980817347784658e-02 -1.313607388605970527e+03
2.627189324437018136e-02 -1.313606745416186641e+03
2.877397831526273819e-02 -1.313598876900650794e+03
3.127606338615507298e-02 -1.313582092613954728e+03
3.377814845704740776e-02 -1.313579024202226719e+03
3.628023352793996459e-02 -1.313578769187135777e+03
3.878231859883229937e-02 -1.313577569131385644e+03
4.128440366972463416e-02 -1.313556679164581510e+03
4.378648874061719098e-02 -1.313332999893277020e+03
4.628857381150952577e-02 -1.313027985263491928e+03
4.879065888240186055e-02 -1.312987764236233716e+03
5.129274395329441738e-02 -1.312985161418116149e+03
5.379482902418675216e-02 -1.312980890040238592e+03
5.629691409507908695e-02 -1.312909944827446225e+03
5.879899916597164378e-02 -1.312314813524141982e+03
6.130108423686397856e-02 -1.311802352272974986e+03
6.380316930775631334e-02 -1.311750607634435482e+03
6.630525437864887017e-02 -1.311747592959475014e+03
6.880733944954120496e-02 -1.311746586067224371e+03
7.130942452043353974e-02 -1.311732693787660082e+03
7.381150959132609657e-02 -1.311647340212925201e+03
7.631359466221843135e-02 -1.311600929770265111e+03
7.881567973311076614e-02 -1.311597102578659815e+03
8.131776480400332296e-02 -1.311596776448849596e+03
8.381984987489565775e-02 -1.311594762867159716e+03
8.632193494578799253e-02 -1.311563897152264190e+03
8.882402001668054936e-02 -1.311433104736589712e+03
9.132610508757288414e-02 -1.311387605847783107e+03
9.382819015846521893e-02 -1.311384367866122830e+03
9.633027522935777576e-02 -1.311384168876591730e+03
9.883236030025011054e-02 -1.311383825148191590e+03
1.013344453711426674e-01 -1.311379176065086313e+03
1.038365304420350022e-01 -1.311366253087901669e+03
1.063386155129273369e-01 -1.311363291728468539e+03
1.088407005838198938e-01 -1.311363040189168487e+03
1.113427856547122285e-01 -1.311361921258475604e+03
1.138448707256045633e-01 -1.311342273917490047e+03
1.163469557964971202e-01 -1.311107623975214437e+03
1.188490408673894549e-01 -1.310694409439836136e+03
1.213511259382817897e-01 -1.310629299914567355e+03
1.238532110091743466e-01 -1.310624665974376740e+03
1.263552960800666813e-01 -1.310611752608837151e+03
1.288573811509590161e-01 -1.310391097974758623e+03
1.313594662218515730e-01 -1.308273726796398478e+03
1.338615512927439077e-01 -1.305960026481849127e+03
1.363636363636362425e-01 -1.305694005489667234e+03
1.388657214345287993e-01 -1.305678662778734633e+03
1.413678065054211341e-01 -1.305680049284532288e+03
1.438698915763134689e-01 -1.305717608742622133e+03
1.463719766472060257e-01 -1.305987137621929151e+03
1.488740617180983605e-01 -1.306168669566282460e+03
1.513761467889906953e-01 -1.306184986769971374e+03
1.538782318598832521e-01 -1.306185944345015287e+03
1.563803169307755869e-01 -1.306186567244157231e+03
1.588824020016679217e-01 -1.306195667093085603e+03
1.613844870725604785e-01 -1.306241019193402963e+03
1.638865721434528133e-01 -1.306259990583766694e+03
1.663886572143451481e-01 -1.306261416636109288e+03
1.688907422852377049e-01 -1.306261505835957678e+03
1.713928273561300397e-01 -1.306261680210631539e+03
1.738949124270223745e-01 -1.306264151476774032e+03
1.763969974979149313e-01 -1.306272219869466426e+03
1.788990825688072661e-01 -1.306274364552419229e+03
1.814011676396996009e-01 -1.306274463739154044e+03
1.839032527105921577e-01 -1.306273676026421981e+03
1.864053377814844925e-01 -1.306259510248582728e+03
1.889074228523768273e-01 -1.306080571246633554e+03
1.914095079232693841e-01 -1.305714446254627546e+03
1.939115929941617189e-01 -1.305649757441231486e+03
1.964136780650540537e-01 -1.305645270738053568e+03
1.989157631359466105e-01 -1.305635826448499529e+03
2.014178482068389453e-01 -1.305474457991737154e+03
2.039199332777312801e-01 -1.303818323698749055e+03
2.064220183486238369e-01 -1.301752445950899073e+03
2.089241034195161717e-01 -1.301495168234890571e+03
2.114261884904085065e-01 -1.301480069231461130e+03
2.139282735613010633e-01 -1.301479128822209759e+03
2.164303586321933981e-01 -1.301477222130989730e+03
2.189324437030857329e-01 -1.301462870367773348e+03
2.214345287739782897e-01 -1.301452080762241849e+03
2.239366138448706245e-01 -1.301451061396775685e+03
2.264386989157629593e-01 -1.301451004925373127e+03
2.289407839866555161e-01 -1.301451031513894350e+03
2.314428690575478509e-01 -1.301451510768820754e+03
2.339449541284404077e-01 -1.301454075994680807e+03
2.364470391993327425e-01 -1.301455244434140241e+03
2.389491242702250773e-01 -1.301455335784271938e+03
2.414512093411176341e-01 -1.301455360509045022e+03
2.439532944120099689e-01 -1.301455714845159264e+03
2.464553794829023037e-01 -1.301460937733630999e+03
2.489574645537948605e-01 -1.301479049843208486e+03
2.514595496246871953e-01 -1.301484162809983673e+03
2.539616346955795301e-01 -1.301484501120678033e+03
2.564637197664720869e-01 -1.301484400328982019e+03
2.589658048373644217e-01 -1.301482263373669412e+03
2.614678899082567565e-01 -1.301454846563871342e+03
2.639699749791493133e-01 -1.301396268396111964e+03
2.664720600500416481e-01 -1.301385548486791777e+03
2.689741451209339829e-01 -1.301384683574450946e+03
2.714762301918265397e-01 -1.301380969031535187e+03
2.739783152627188745e-01 -1.301316567411214010e+03
2.764804003336112093e-01 -1.300648368669610818e+03
2.789824854045037661e-01 -1.299795991329247045e+03
2.814845704753961009e-01 -1.299688332028064679e+03
2.839866555462884357e-01 -1.299681902601060528e+03
2.864887406171809925e-01 -1.299679673658441970e+03
2.889908256880733273e-01 -1.299647750603603754e+03
2.914929107589656621e-01 -1.299401789807050136e+03
2.939949958298582189e-01 -1.299216869361305498e+03
2.964970809007505537e-01 -1.299199398264990805e+03
2.989991659716428885e-01 -1.299198406870561939e+03
3.015012510425354453e-01 -1.299198435267580862e+03
3.040033361134277801e-01 -1.299199766359906562e+03
3.065054211843201148e-01 -1.299206777326542124e+03
3.090075062552126717e-01 -1.299209901332390018e+03
3.115095913261050065e-01 -1.299210138989380084e+03
3.140116763969973412e-01 -1.299210116786934123e+03
3.165137614678898981e-01 -1.299209476471300604e+03
3.190158465387822329e-01 -1.299200113816388466e+03
3.215179316096745676e-01 -1.299168950380492561e+03
3.240200166805671245e-01 -1.299160501143166357e+03
3.265221017514594593e-01 -1.299159932870724333e+03
3.290241868223517940e-01 -1.299159834322080542e+03
3.315262718932443509e-01 -1.299158636497457337e+03
3.340283569641366856e-01 -1.299143652992715033e+03
3.365304420350290204e-01 -1.299113700976701921e+03
3.390325271059215773e-01 -1.299108506269677491e+03
3.415346121768139120e-01 -1.299108172684943838e+03
3.440366972477062468e-01 -1.299107885204750119e+03
3.465387823185988037e-01 -1.299103178937351231e+03
3.490408673894911384e-01 -1.299056530214178110e+03
3.515429524603834732e-01 -1.299002249503121448e+03
3.540450375312760301e-01 -1.298995769938127069e+03
3.565471226021683648e-01 -1.298995358961517013e+03
3.590492076730609217e-01 -1.298994742296920776e+03
3.615512927439532564e-01 -1.298984729687470463e+03
3.640533778148455912e-01 -1.298913206348283666e+03
3.665554628857381481e-01 -1.298865257099244900e+03
3.690575479566304828e-01 -1.298860856827319139e+03
3.715596330275228176e-01 -1.298858786522302580e+03
3.740617180984153745e-01 -1.298825752192197342e+03
3.765638031693077092e-01 -1.298306263003171352e+03
3.790658882402000440e-01 -1.295865676412445282e+03
3.815679733110926009e-01 -1.294912877799889429e+03
3.840700583819849356e-01 -1.294842793287512222e+03
3.865721434528772704e-01 -1.294838828013860166e+03
3.890742285237698272e-01 -1.294837701711409181e+03
3.915763135946621620e-01 -1.294824886459933623e+03
3.940783986655544968e-01 -1.294788163648966247e+03
3.965804837364470536e-01 -1.294779515497554712e+03
3.990825688073393884e-01 -1.294778951832661505e+03
4.015846538782317232e-01 -1.294778865538479522e+03
4.040867389491242800e-01 -1.294777886324493011e+03
4.065888240200166148e-01 -1.294766469535971964e+03
4.090909090909089496e-01 -1.294747458242401535e+03
4.115929941618015064e-01 -1.294744583528551857e+03
4.140950792326938412e-01 -1.294744403026831833e+03
4.165971643035861760e-01 -1.294744254474229820e+03
4.190992493744787328e-01 -1.294741858245531148e+03
4.216013344453710676e-01 -1.294720669072172313e+03
4.241034195162634024e-01 -1.294700705392605641e+03
4.266055045871559592e-01 -1.294698592156016957e+03
4.291075896580482940e-01 -1.294698462233640385e+03
4.316096747289406288e-01 -1.294698307652747189e+03
4.341117597998331856e-01 -1.294695880006166817e+03
4.366138448707255204e-01 -1.294681206179158153e+03
4.391159299416178552e-01 -1.294673402608422748e+03
4.416180150125104120e-01 -1.294672764075040504e+03
4.441201000834027468e-01 -1.294672702303868618e+03
4.466221851542950816e-01 -1.294672233380878197e+03
4.491242702251876384e-01 -1.294665211808806816e+03
4.516263552960799732e-01 -1.294638759873639174e+03
4.541284403669723080e-01 -1.294630637708729864e+03
4.566305254378648648e-01 -1.294630074989629520e+03
4.591326105087571996e-01 -1.294629978372481219e+03
4.616346955796495344e-01 -1.294628807749743373e+03
4.641367806505420912e-01 -1.294613685810827519e+03
4.666388657214344260e-01 -1.294580533558082152e+03
4.691409507923267608e-01 -1.294574344667781133e+03
4.716430358632193176e-01 -1.294573955468538770e+03
4.741451209341116524e-01 -1.294573846131338769e+03
4.766472060050039872e-01 -1.294572305040325546e+03
4.791492910758965440e-01 -1.294556639203949544e+03
4.816513761467888788e-01 -1.294537447157894348e+03
4.841534612176812136e-01 -1.294535068118241043e+03
4.866555462885737704e-01 -1.294534642450078081e+03
4.891576313594661052e-01 -1.294529420746804135e+03
4.916597164303586620e-01 -1.294441759872538569e+03
4.941618015012509968e-01 -1.293812492082396375e+03
4.966638865721433316e-01 -1.293387694816280145e+03
4.991659716430358884e-01 -1.293349436553511168e+03
5.016680567139282232e-01 -1.293346528856920258e+03
5.041701417848205580e-01 -1.293333061724620393e+03
5.066722268557128928e-01 -1.293124294292953437e+03
5.091743119266052275e-01 -1.292173540765772259e+03
5.116763969974980064e-01 -1.291815265220652009e+03
5.141784820683903412e-01 -1.291789188259284856e+03
5.166805671392826760e-01 -1.291787727172268660e+03
5.191826522101750108e-01 -1.291787546002208956e+03
5.216847372810673455e-01 -1.291786149653167513e+03
5.241868223519596803e-01 -1.291782453031184559e+03
5.266889074228524592e-01 -1.291781640881028579e+03
5.291909924937447940e-01 -1.291781588655655696e+03
5.316930775646371288e-01 -1.291781580459561155e+03
5.341951626355294636e-01 -1.291781486557752942e+03
5.366972477064217983e-01 -1.291780448930778903e+03
5.391993327773141331e-01 -1.291778926416466220e+03
5.417014178482069120e-01 -1.291778715625920086e+03
5.442035029190992468e-01 -1.291778701976046705e+03
5.467055879899915816e-01 -1.291778680827426342e+03
5.492076730608839163e-01 -1.291778332355724842e+03
5.517097581317762511e-01 -1.291775555617645750e+03
5.542118432026690300e-01 -1.291773356320479024e+03
5.567139282735613648e-01 -1.291773142175285784e+03
5.592160133444536996e-01 -1.291773109367455845e+03
5.617180984153460344e-01 -1.291772735222016763e+03
5.642201834862383691e-01 -1.291766771202906057e+03
5.667222685571307039e-01 -1.291736332424918373e+03
5.692243536280234828e-01 -1.291723239110348686e+03
5.717264386989158176e-01 -1.291722245572779457e+03
5.742285237698081524e-01 -1.291722174364393368e+03
5.767306088407004871e-01 -1.291721890512840218e+03
5.792326939115928219e-01 -1.291717909587996473e+03
5.817347789824851567e-01 -1.291706103495685056e+03
5.842368640533779356e-01 -1.291703235948245492e+03
5.867389491242702704e-01 -1.291703048503483842e+03
5.892410341951626052e-01 -1.291703031500435827e+03
5.917431192660549399e-01 -1.291702913589663694e+03
5.942452043369472747e-01 -1.291701559742979498e+03
5.967472894078396095e-01 -1.291699371410463755e+03
5.992493744787323884e-01 -1.291699047405760439e+03
6.017514595496247232e-01 -1.291699025998550269e+03
6.042535446205170580e-01 -1.291698988840157654e+03
6.067556296914093927e-01 -1.291698370809570406e+03
6.092577147623017275e-01 -1.291693208513005629e+03
6.117597998331940623e-01 -1.291688794785157370e+03
6.142618849040868412e-01 -1.291688350634922472e+03
6.167639699749791760e-01 -1.291688323107673341e+03
6.192660550458715107e-01 -1.291688284330570241e+03
6.217681401167638455e-01 -1.291687682900852224e+03
6.242702251876561803e-01 -1.291684476518653810e+03
6.267723102585485151e-01 -1.291683022294844022e+03
6.292743953294412940e-01 -1.291682909051747401e+03
6.317764804003336288e-01 -1.291682883568972329e+03
6.342785654712259635e-01 -1.291682538368465657e+03
6.367806505421182983e-01 -1.291677608936185152e+03
6.392827356130106331e-01 -1.291662529011038941e+03
6.417848206839029679e-01 -1.291658758514616466e+03
6.442869057547957468e-01 -1.291658511234715661e+03
6.467889908256880815e-01 -1.291658501513155670e+03
6.492910758965804163e-01 -1.291658571405120028e+03
6.517931609674727511e-01 -1.291659390452282878e+03
6.542952460383650859e-01 -1.291660730356275053e+03
6.567973311092574207e-01 -1.291660930425685137e+03
6.592994161801501996e-01 -1.291660943462215982e+03
6.618015012510425343e-01 -1.291660962830067547e+03
6.643035863219348691e-01 -1.291661282977027668e+03
6.668056713928272039e-01 -1.291663941480997892e+03
6.693077564637195387e-01 -1.291666192639969950e+03
6.718098415346118735e-01 -1.291666417949836386e+03
6.743119266055046523e-01 -1.291666429731793414e+03
6.768140116763969871e-01 -1.291666409883937149e+03
6.793160967472893219e-01 -1.291666080568393681e+03
6.818181818181816567e-01 -1.291664367672606886e+03
6.843202668890739915e-01 -1.291663614108151705e+03
6.868223519599667704e-01 -1.291663558499754572e+03
6.893244370308591051e-01 -1.291663590908374999e+03
6.918265221017514399e-01 -1.291664230346897739e+03
6.943286071726437747e-01 -1.291673252707186293e+03
6.968306922435361095e-01 -1.291699524909234469e+03
6.993327773144284443e-01 -1.291705799029440868e+03
7.018348623853212231e-01 -1.291706214422810490e+03
7.043369474562135579e-01 -1.291706374003009614e+03
7.068390325271058927e-01 -1.291708791016114674e+03
7.093411175979982275e-01 -1.291735928414336740e+03
7.118432026688905623e-01 -1.291777116172289197e+03
7.143452877397828971e-01 -1.291782949997522110e+03
7.168473728106756759e-01 -1.291783298324054613e+03
7.193494578815680107e-01 -1.291783327959431745e+03
7.218515429524603455e-01 -1.291783507036915353e+03
7.243536280233526803e-01 -1.291784898129237035e+03
7.268557130942450151e-01 -1.291785966107657714e+03
7.293577981651373499e-01 -1.291786068466293955e+03
7.318598832360301287e-01 -1.291786082566818095e+03
7.343619683069224635e-01 -1.291786232711277989e+03
7.368640533778147983e-01 -1.291788591678158582e+03
7.393661384487071331e-01 -1.291799721904777698e+03
7.418682235195994679e-01 -1.291804088754321128e+03
7.443703085904918026e-01 -1.291804413242700321e+03
7.468723936613845815e-01 -1.291804482657103790e+03
7.493744787322769163e-01 -1.291805404570900691e+03
7.518765638031692511e-01 -1.291817904031056287e+03
7.543786488740615859e-01 -1.291849742974794935e+03
7.568807339449539207e-01 -1.291856488306514166e+03
7.593828190158462554e-01 -1.291856938246589380e+03
7.618849040867390343e-01 -1.291857355755095568e+03
7.643869891576313691e-01 -1.291864255434648612e+03
7.668890742285237039e-01 -1.291936133757528069e+03
7.693911592994160387e-01 -1.292028630626589575e+03
7.718932443703083734e-01 -1.292040373316060823e+03
7.743953294412007082e-01 -1.292040982771089148e+03
7.768974145120934871e-01 -1.292039545682200014e+03
7.793994995829858219e-01 -1.292014880506588270e+03
7.819015846538781567e-01 -1.291844864047363444e+03
7.844036697247704915e-01 -1.291736657063020175e+03
7.869057547956628262e-01 -1.291727076314469059e+03
7.894078398665551610e-01 -1.291724892114180648e+03
7.919099249374479399e-01 -1.291695155580389155e+03
7.944120100083402747e-01 -1.291243904110997619e+03
7.969140950792326095e-01 -1.289463570384627246e+03
7.994161801501249442e-01 -1.288889931122816733e+03
8.019182652210172790e-01 -1.288849943387754365e+03
8.044203502919096138e-01 -1.288847572409026043e+03
8.069224353628023927e-01 -1.288844845064992796e+03
8.094245204336947275e-01 -1.288811998841034665e+03
8.119266055045870623e-01 -1.288745200395993152e+03
8.144286905754793970e-01 -1.288733457229809119e+03
8.169307756463717318e-01 -1.288732723631012732e+03
8.194328607172645107e-01 -1.288732476401214853e+03
8.219349457881568455e-01 -1.288728889357074877e+03
8.244370308590491803e-01 -1.288696212260556649e+03
8.269391159299415150e-01 -1.288663737621417567e+03
8.294412010008338498e-01 -1.288660198917235903e+03
8.319432860717261846e-01 -1.288659985005011094e+03
8.344453711426189635e-01 -1.288659803653971494e+03
8.369474562135112983e-01 -1.288657043420540958e+03
8.394495412844036331e-01 -1.288641564002893574e+03
8.419516263552959678e-01 -1.288634087709603364e+03
8.444537114261883026e-01 -1.288633496941993599e+03
8.469557964970806374e-01 -1.288633439023883739e+03
8.494578815679734163e-01 -1.288632991333103291e+03
8.519599666388657511e-01 -1.288626649320640581e+03
8.544620517097580858e-01 -1.288607606748578519e+03
8.569641367806504206e-01 -1.288602927832115483e+03
8.594662218515427554e-01 -1.288602618255247535e+03
8.619683069224350902e-01 -1.288602535823506514e+03
8.644703919933278691e-01 -1.288601381537241650e+03
8.669724770642202039e-01 -1.288588596014599489e+03
8.694745621351125386e-01 -1.288569771015105516e+03
8.719766472060048734e-01 -1.288567159209356305e+03
8.744787322768972082e-01 -1.288567000718047666e+03
8.769808173477895430e-01 -1.288566933457291498e+03
8.794829024186823219e-01 -1.288565943038966680e+03
8.819849874895746566e-01 -1.288558671031540371e+03
8.844870725604669914e-01 -1.288553591352329249e+03
8.869891576313593262e-01 -1.288553126910841684e+03
8.894912427022516610e-01 -1.288553092299717719e+03
8.919933277731439958e-01 -1.288552942095770277e+03
8.944954128440367747e-01 -1.288550660790500160e+03
8.969974979149291094e-01 -1.288541246092709571e+03
8.994995829858214442e-01 -1.288538063453407631e+03
9.020016680567137790e-01 -1.288537838496001314e+03
9.045037531276061138e-01 -1.288537820520338073e+03
9.070058381984984486e-01 -1.288537722540597088e+03
9.095079232693912274e-01 -1.288536491736705102e+03
9.120100083402835622e-01 -1.288533962930967164e+03
9.145120934111758970e-01 -1.288533514599838554e+03
9.170141784820682318e-01 -1.288533482576926644e+03
9.195162635529605666e-01 -1.288533400517459995e+03
9.220183486238529014e-01 -1.288532010791308494e+03
9.245204336947456802e-01 -1.288519567950287410e+03
9.270225187656380150e-01 -1.288507589171381824e+03
9.295246038365303498e-01 -1.288506306413394213e+03
9.320266889074226846e-01 -1.288506229112732399e+03
9.345287739783150194e-01 -1.288506165381593974e+03
9.370308590492077983e-01 -1.288505206406687876e+03
9.395329441201001330e-01 -1.288500129949984967e+03
9.420350291909924678e-01 -1.288497847173476430e+03
9.445371142618848026e-01 -1.288497670811580520e+03
9.470391993327771374e-01 -1.288497647305449391e+03
9.495412844036694722e-01 -1.288497401862652850e+03
9.520433694745622510e-01 -1.288494022069319499e+03
9.545454545454545858e-01 -1.288484915801086345e+03
9.570475396163469206e-01 -1.288482888801363970e+03
9.595496246872392554e-01 -1.288482753356150397e+03
9.620517097581315902e-01 -1.288482645677195251e+03
9.645537948290239250e-01 -1.288480886976272586e+03
9.670558798999167038e-01 -1.288462779322138658e+03
9.695579649708090386e-01 -1.288440035515071713e+03
9.720600500417013734e-01 -1.288437190400439704e+03
9.745621351125937082e-01 -1.288437015146646218e+03
9.770642201834860430e-01 -1.288436855606955305e+03
9.795663052543783778e-01 -1.288434367644852500e+03
9.820683903252711566e-01 -1.288418493128715681e+03
9.845704753961634914e-01 -1.288409417499797883e+03
9.870725604670558262e-01 -1.288408655561144087e+03
9.895746455379481610e-01 -1.288408611927817219e+03
9.920767306088404958e-01 -1.288408598032117425e+03
9.945788156797328305e-01 -1.288408429494312031e+03
9.970809007506256094e-01 -1.288407869735859549e+03
9.995829858215179442e-01 -1.288407718184673968e+03
1.002085070892410279e+00 -1.288407708061055928e+03
1.004587155963302614e+00 -1.288407707502272842e+03
1.007089241034194949e+00 -1.288407707523283079e+03
1.009591326105087283e+00 -1.288407708108566794e+03
1.012093411175980062e+00 -1.288407709016393710e+03
1.014595496246872397e+00 -1.288407709145779108e+03
1.017097581317764732e+00 -1.288407709136902440e+03
1.019599666388657067e+00 -1.288407708834892446e+03
1.022101751459549401e+00 -1.288407703740521129e+03
1.024603836530441736e+00 -1.288407666623800651e+03
1.027105921601334515e+00 -1.288407641008697055e+03
1.029608006672226850e+00 -1.288407638617835119e+03
1.032110091743119185e+00 -1.288407637315638567e+03
1.034612176814011519e+00 -1.288407616206814737e+03
1.037114261884903854e+00 -1.288407297031183361e+03
1.039616346955796189e+00 -1.288406062144025555e+03
1.042118432026688968e+00 -1.288405672333506345e+03
1.044620517097581303e+00 -1.288405645295188833e+03
1.047122602168473637e+00 -1.288405643530550606e+03
1.049624687239365972e+00 -1.288405638810465007e+03
1.052126772310258307e+00 -1.288405582977305130e+03
1.054628857381150642e+00 -1.288405482562031693e+03
1.057130942452043421e+00 -1.288405464562206134e+03
1.059633027522935755e+00 -1.288405427750387616e+03
1.062135112593828090e+00 -1.288404776570558170e+03
1.064637197664720425e+00 -1.288393691872015779e+03
1.067139282735612760e+00 -1.288305667656375135e+03
1.069641367806505539e+00 -1.288236336865472595e+03
1.072143452877397873e+00 -1.288229552135882841e+03
1.074645537948290208e+00 -1.288227561514223680e+03
1.077147623019182543e+00 -1.288198499699716422e+03
1.079649708090074878e+00 -1.287750132715533709e+03
1.082151793160967213e+00 -1.285837843030650902e+03
1.084653878231859991e+00 -1.285167902376603934e+03
1.087155963302752326e+00 -1.285120140172016590e+03
1.089658048373644661e+00 -1.285117355153080553e+03
1.092160133444536996e+00 -1.285115011662442612e+03
1.094662218515429331e+00 -1.285087625555112936e+03
1.097164303586321665e+00 -1.285033709457733266e+03
1.099666388657214444e+00 -1.285024467860124105e+03
1.102168473728106779e+00 -1.285023888921720982e+03
1.104670558798999114e+00 -1.285023624042917618e+03
1.107172643869891449e+00 -1.285019623634029131e+03
1.109674728940783783e+00 -1.284986380559559620e+03
1.112176814011676118e+00 -1.284958183480567186e+03
1.114678899082568897e+00 -1.284955357007178236e+03
1.117180984153461232e+00 -1.284955173914098850e+03
1.119683069224353567e+00 -1.284954782999805957e+03
1.122185154295245901e+00 -1.284948830582404980e+03
1.124687239366138236e+00 -1.284922253119196284e+03
1.127189324437030571e+00 -1.284912457130668145e+03
1.129691409507923350e+00 -1.284911745758354073e+03
1.132193494578815685e+00 -1.284911651963888062e+03
1.134695579649708019e+00 -1.284910683564301053e+03
1.137197664720600354e+00 -1.284898498483559933e+03
1.139699749791492689e+00 -1.284873681315120393e+03
1.142201834862385024e+00 -1.284869313957676695e+03
1.144703919933277803e+00 -1.284869040375350323e+03
1.147206005004170137e+00 -1.284868935540678422e+03
1.149708090075062472e+00 -1.284867392726609978e+03
1.152210175145954807e+00 -1.284854458763064258e+03
1.154712260216847142e+00 -1.284843325160261202e+03
1.157214345287739476e+00 -1.284842199654417527e+03
1.159716430358632255e+00 -1.284842106534056938e+03
1.162218515429524590e+00 -1.284841585360723229e+03
1.164720600500416925e+00 -1.284833527249132430e+03
1.167222685571309260e+00 -1.284797705249070987e+03
1.169724770642201594e+00 -1.284784566318159477e+03
1.172226855713093929e+00 -1.284783596887995373e+03
1.174728940783986708e+00 -1.284783166614548918e+03
1.177231025854879043e+00 -1.284776450493170159e+03
1.179733110925771378e+00 -1.284692537330051437e+03
1.182235195996663712e+00 -1.284525798553970390e+03
1.184737281067556047e+00 -1.284496980509082732e+03
1.187239366138448382e+00 -1.284494482240700336e+03
1.189741451209341161e+00 -1.284481056974681906e+03
1.192243536280233496e+00 -1.284253443856319791e+03
1.194745621351125831e+00 -1.282396691730690918e+03
1.197247706422018165e+00 -1.280869780407274220e+03
1.199749791492910500e+00 -1.280719131055800517e+03
1.202251876563803279e+00 -1.280710405886528633e+03
1.204753961634695614e+00 -1.280708076147989004e+03
1.207256046705587949e+00 -1.280679480752835616e+03
1.209758131776480283e+00 -1.280559363052145727e+03
1.212260216847372618e+00 -1.280517933763497695e+03
1.214762301918264953e+00 -1.280514986423730988e+03
1.217264386989157732e+00 -1.280514697428543059e+03
1.219766472060050067e+00 -1.280512467187360471e+03
1.222268557130942401e+00 -1.280485560094480888e+03
1.224770642201834736e+00 -1.280436421140836273e+03
1.227272727272727071e+00 -1.280428469734031296e+03
1.229774812343619406e+00 -1.280427976915079626e+03
1.232276897414512185e+00 -1.280427768802406717e+03
1.234778982485404519e+00 -1.280424692916531285e+03
1.237281067556296854e+00 -1.280401252912369500e+03
1.239783152627189189e+00 -1.280383929697872418e+03
1.242285237698081524e+00 -1.280382302396934165e+03
1.244787322768973858e+00 -1.280382142664544062e+03
1.247289407839866637e+00 -1.280380925329188585e+03
1.249791492910758972e+00 -1.280362699284415157e+03
1.252293577981651307e+00 -1.280294081075866870e+03
1.254795663052543642e+00 -1.280273026098530636e+03
1.257297748123435976e+00 -1.280271580078264833e+03
1.259799833194328311e+00 -1.280271557615752499e+03
1.262301918265221090e+00 -1.280272579385898553e+03
1.264804003336113425e+00 -1.280284300093955153e+03
1.267306088407005760e+00 -1.280302793389178760e+03
1.269808173477898094e+00 -1.280305430044970308e+03
1.272310258548790429e+00 -1.280304588254148484e+03
1.274812343619682764e+00 -1.280286399395776471e+03
1.277314428690575543e+00 -1.279982627201941796e+03
1.279816513761467878e+00 -1.277916026597319387e+03
1.282318598832360212e+00 -1.276624968814325257e+03
1.284820683903252547e+00 -1.276512606231381369e+03
1.287322768974144882e+00 -1.276506180569511343e+03
1.289824854045037217e+00 -1.276504635457796212e+03
1.292326939115929996e+00 -1.276487355771873354e+03
1.294829024186822330e+00 -1.276432537113033504e+03
1.297331109257714665e+00 -1.276418333946938674e+03
1.299833194328607000e+00 -1.276417384094383806e+03
1.302335279399499335e+00 -1.276417143020492404e+03
1.304837364470391670e+00 -1.276413830774241205e+03
1.307339449541284448e+00 -1.276379449193551636e+03
1.309841534612176783e+00 -1.276335474763337743e+03
1.312343619683069118e+00 -1.276329912189090692e+03
1.314845704753961453e+00 -1.276329596531661082e+03
1.317347789824853788e+00 -1.276329783446572947e+03
1.319849874895746566e+00 -1.276333119099401074e+03
1.322351959966638901e+00 -1.276352275530202633e+03
1.324854045037531236e+00 -1.276361804766053638e+03
1.327356130108423571e+00 -1.276362570743089464e+03
1.329858215179315906e+00 -1.276362738150417727e+03
1.332360300250208240e+00 -1.276364972900192470e+03
1.334862385321101019e+00 -1.276395132816651312e+03
1.337364470391993354e+00 -1.276470797618194865e+03
1.339866555462885689e+00 -1.276486605337323908e+03
1.342368640533778024e+00 -1.276487426574049778e+03
1.344870725604670358e+00 -1.276484193780607256e+03
1.347372810675562693e+00 -1.276427429776120562e+03
1.349874895746455472e+00 -1.275916635348877207e+03
1.352376980817347807e+00 -1.275420596150119536e+03
1.354879065888240142e+00 -1.275367216022532830e+03
1.357381150959132476e+00 -1.275363827281335489e+03
1.359883236030024811e+00 -1.275358088459448709e+03
1.362385321100917146e+00 -1.275271059211734155e+03
1.364887406171809925e+00 -1.274876765171494299e+03
1.367389491242702260e+00 -1.274729034949634752e+03
1.369891576313594594e+00 -1.274718294384510727e+03
1.372393661384486929e+00 -1.274717579703507909e+03
1.374895746455379264e+00 -1.274715494031855542e+03
1.377397831526271599e+00 -1.274690521918360673e+03
1.379899916597164378e+00 -1.274644416355794419e+03
1.382402001668056712e+00 -1.274636894408320359e+03
1.384904086738949047e+00 -1.274636435415515052e+03
1.387406171809841382e+00 -1.274636380074206954e+03
1.389908256880733717e+00 -1.274635871301066800e+03
1.392410341951626052e+00 -1.274632169216076818e+03
1.394912427022518830e+00 -1.274629610632183812e+03
1.397414512093411165e+00 -1.274629404433725540e+03
1.399916597164303500e+00 -1.274629875800487525e+03
1.402418682235195835e+00 -1.274638593522972997e+03
1.404920767306088170e+00 -1.274765737331257242e+03
1.407422852376980504e+00 -1.275186373525519230e+03
1.409924937447873283e+00 -1.275299701641638649e+03
1.412427022518765618e+00 -1.275306481892053398e+03
1.414929107589657953e+00 -1.275292612112951701e+03
1.417431192660550288e+00 -1.275042542412102875e+03
1.419933277731442622e+00 -1.272460083425437915e+03
1.422435362802334957e+00 -1.269198448200796292e+03
1.424937447873227736e+00 -1.268789077244217651e+03
1.427439532944120071e+00 -1.268764900475233389e+03
1.429941618015012406e+00 -1.268761045053569887e+03
1.432443703085904740e+00 -1.268720096878995491e+03
1.434945788156797075e+00 -1.268497837620184100e+03
1.437447873227689410e+00 -1.268394581682766329e+03
1.439949958298582189e+00 -1.268386551100502402e+03
1.442452043369474524e+00 -1.268386118860846409e+03
1.444954128440366858e+00 -1.268386419562158835e+03
1.447456213511259193e+00 -1.268390645149587272e+03
1.449958298582151528e+00 -1.268400023968976711e+03
1.452460383653044307e+00 -1.268401802776361592e+03
1.454962468723936642e+00 -1.268402112431011119e+03
1.457464553794828976e+00 -1.268405746535519938e+03
1.459966638865721311e+00 -1.268467609980688621e+03
1.462468723936613646e+00 -1.268965664619826384e+03
1.464970809007505981e+00 -1.269366613777132216e+03
1.467472894078398760e+00 -1.269405568524520049e+03
1.469974979149291094e+00 -1.269404320958368999e+03
1.472477064220183429e+00 -1.269341623877870461e+03
1.474979149291075764e+00 -1.268402711679161484e+03
1.477481234361968099e+00 -1.264958808280701078e+03
1.479983319432860434e+00 -1.263929985628203667e+03
1.482485404503753212e+00 -1.263859567373762729e+03
1.484987489574645547e+00 -1.263854297062517389e+03
1.487489574645537882e+00 -1.263830177646868378e+03
1.489991659716430217e+00 -1.263574019044405986e+03
1.492493744787322552e+00 -1.263224205598186472e+03
1.494995829858214886e+00 -1.263178045414154212e+03
1.497497914929107665e+00 -1.263175305518258483e+03
1.500000000000000000e+00 -1.263174918584591751e+03
