# # hall conductivity
-1.500000000000000000e+00 3.037009475243844918e+03
-1.439999999999999947e+00 3.023586535787816956e+03
-1.379999999999999893e+00 3.012357088516022031e+03
-1.320000000000000062e+00 2.918112202611343037e+03
-1.260000000000000009e+00 2.812058413522043793e+03
-1.199999999999999956e+00 2.784826455684362827e+03
-1.139999999999999902e+00 2.891313865066073959e+03
-1.080000000000000071e+00 2.851382006547744822e+03
-1.020000000000000018e+00 2.971671216202511005e+03
-9.599999999999999645e-01 2.864538283198526187e+03
-9.000000000000000222e-01 2.956439104932651844e+03
-8.400000000000000799e-01 2.788032631444390063e+03
-7.800000000000000266e-01 2.770039984348271901e+03
-7.199999999999999734e-01 2.831729546521461089e+03
-6.600000000000000311e-01 2.967540030427689089e+03
-6.000000000000000888e-01 3.095247466236392029e+03
-5.400000000000000355e-01 3.122017628821219205e+03
-4.799999999999999822e-01 3.058324164007421132e+03
-4.199999999999998734e-01 3.069290708460515816e+03
-3.600000000000000977e-01 3.101141899477339848e+03
-2.999999999999999889e-01 3.091710493089382908e+03
-2.399999999999999911e-01 3.115954938842518004e+03
-1.800000000000001876e-01 3.120672662106007010e+03
-1.200000000000001066e-01 3.107886542183382062e+03
-6.000000000000005329e-02 3.101800972624881069e+03
0.000000000000000000e+00 3.117163072662675859e+03
6.000000000000005329e-02 3.137664563818937950e+03
1.199999999999998984e-01 3.149328382293419963e+03
1.799999999999999101e-01 3.156961554059470018e+03
2.399999999999999911e-01 3.158977439242485161e+03
2.999999999999998224e-01 3.158910623507584205e+03
3.599999999999998757e-01 3.158925718504079214e+03
4.199999999999998734e-01 3.161012020502290852e+03
4.799999999999999822e-01 3.161268834814185993e+03
5.400000000000000355e-01 3.168739234420223966e+03
6.000000000000000888e-01 3.168813247820110973e+03
6.600000000000001421e-01 3.168785905836547045e+03
7.199999999999997513e-01 3.168806617737262968e+03
7.799999999999998046e-01 3.168439859193896154e+03
8.399999999999998579e-01 3.173767841894768935e+03
8.999999999999999112e-01 3.173858762358369859e+03
9.599999999999999645e-01 3.173932427207343153e+03
1.020000000000000018e+00 3.173953435304490085e+03
1.080000000000000071e+00 3.178121593440415836e+03
1.139999999999999902e+00 3.178389979398656124e+03
1.199999999999999956e+00 3.181617056699322802e+03
1.260000000000000009e+00 3.181987210718189090e+03
1.320000000000000062e+00 3.181967798910477995e+03
1.379999999999999893e+00 3.191099166830957074e+03
1.439999999999999947e+00 3.193162643591997949e+03
1.500000000000000000e+00 3.187493595206146892e+03
