# # hall conductivity
-1.500000000000000000e+00 -1.347162401251827077e+03
-1.497998665777184879e+00 -1.360658568232150401e+03
-1.495997331554369536e+00 -1.365922358203092244e+03
-1.493995997331554415e+00 -1.366593557014110047e+03
-1.491994663108739072e+00 -1.366666099466667447e+03
-1.489993328885923951e+00 -1.366722186233421780e+03
-1.487991994663108830e+00 -1.367220794989909336e+03
-1.485990660440293487e+00 -1.371721985133195176e+03
-1.483989326217478366e+00 -1.391721103780797876e+03
-1.481987991994663023e+00 -1.407599914453946667e+03
-1.479986657771847902e+00 -1.410311911662778812e+03
-1.477985323549032781e+00 -1.410599755420079873e+03
-1.475983989326217438e+00 -1.410653803151992406e+03
-1.473982655103402317e+00 -1.410919201244466649e+03
-1.471981320880586974e+00 -1.413466713916092431e+03
-1.469979986657771853e+00 -1.430500791346646565e+03
-1.467978652434956732e+00 -1.458896536544333685e+03
-1.465977318212141389e+00 -1.466759394068343227e+03
-1.463975983989326268e+00 -1.467671621900435184e+03
-1.461974649766510925e+00 -1.467775912448169493e+03
-1.459973315543695804e+00 -1.467921219983333685e+03
-1.457971981320880683e+00 -1.469284881276932765e+03
-1.455970647098065340e+00 -1.480753417833975163e+03
-1.453969312875250219e+00 -1.518204504025660299e+03
-1.451967978652434876e+00 -1.538091030102202922e+03
-1.449966644429619755e+00 -1.540919086047897508e+03
-1.447965310206804634e+00 -1.541213733597402097e+03
-1.445963975983989291e+00 -1.541294905954982369e+03
-1.443962641761174170e+00 -1.541830503423537039e+03
-1.441961307538358827e+00 -1.546837482586628994e+03
-1.439959973315543706e+00 -1.574209238240854347e+03
-1.437958639092728585e+00 -1.604563037108519893e+03
-1.435957304869913242e+00 -1.610845429790031631e+03
-1.433955970647098122e+00 -1.611530496442904905e+03
-1.431954636424282779e+00 -1.611613033599407800e+03
-1.429953302201467658e+00 -1.611770111055342340e+03
-1.427951967978652537e+00 -1.613254106695888822e+03
-1.425950633755837194e+00 -1.624457559292123051e+03
-1.423949299533022073e+00 -1.650037634840023884e+03
-1.421947965310206730e+00 -1.659353372261433833e+03
-1.419946631087391609e+00 -1.660515471044478090e+03
-1.417945296864576488e+00 -1.660631171804263658e+03
-1.415943962641761145e+00 -1.660629550824131229e+03
-1.413942628418946024e+00 -1.660498681754289692e+03
-1.411941294196130681e+00 -1.659319338385024821e+03
-1.409939959973315560e+00 -1.654360633976083591e+03
-1.407938625750500439e+00 -1.650723060464959872e+03
-1.405937291527685096e+00 -1.650125898437721389e+03
-1.403935957304869975e+00 -1.650060443953805816e+03
-1.401934623082054632e+00 -1.650023145145085891e+03
-1.399933288859239511e+00 -1.649706645972424667e+03
-1.397931954636424390e+00 -1.646658431060320254e+03
-1.395930620413609047e+00 -1.626978468845160933e+03
-1.393929286190793926e+00 -1.596674790026981327e+03
-1.391927951967978583e+00 -1.588787829951115327e+03
-1.389926617745163462e+00 -1.587885495726031422e+03
-1.387925283522348341e+00 -1.587776411592632712e+03
-1.385923949299532998e+00 -1.587570305583732988e+03
-1.383922615076717877e+00 -1.585602237262678955e+03
-1.381921280853902534e+00 -1.569350854540663704e+03
-1.379919946631087413e+00 -1.519803089640456847e+03
-1.377918612408272070e+00 -1.495486034401200413e+03
-1.375917278185456949e+00 -1.492131372546373996e+03
-1.373915943962641828e+00 -1.491784107868121509e+03
-1.371914609739826485e+00 -1.491696629415908774e+03
-1.369913275517011364e+00 -1.491149383061657772e+03
-1.367911941294196243e+00 -1.486081437662005101e+03
-1.365910607071380900e+00 -1.459707819215059317e+03
-1.363909272848565779e+00 -1.432858309269864549e+03
-1.361907938625750436e+00 -1.427587954756479576e+03
-1.359906604402935315e+00 -1.427020972859049380e+03
-1.357905270180119972e+00 -1.426974084819139534e+03
-1.355903935957304851e+00 -1.427063343715444262e+03
-1.353902601734489730e+00 -1.427993852696492240e+03
-1.351901267511674387e+00 -1.434826483836648777e+03
-1.349899933288859266e+00 -1.449214272961297411e+03
-1.347898599066043923e+00 -1.454075156040483535e+03
-1.345897264843228802e+00 -1.454669939129650857e+03
-1.343895930620413681e+00 -1.454744808870736506e+03
-1.341894596397598338e+00 -1.454906579648884872e+03
-1.339893262174783217e+00 -1.456473326981605396e+03
-1.337891927951967874e+00 -1.470269573025233512e+03
-1.335890593729152753e+00 -1.524620462312709151e+03
-1.333889259506337632e+00 -1.561101624885948240e+03
-1.331887925283522289e+00 -1.566838913983944849e+03
-1.329886591060707168e+00 -1.567439692696106931e+03
-1.327885256837891825e+00 -1.567548399404583506e+03
-1.325883922615076704e+00 -1.568060506526021982e+03
-1.323882588392261583e+00 -1.572915554983383799e+03
-1.321881254169446240e+00 -1.602947878640057297e+03
-1.319879919946631119e+00 -1.645166002949544236e+03
-1.317878585723815776e+00 -1.655432486737962336e+03
-1.315877251501000655e+00 -1.656585870723867629e+03
-1.313875917278185534e+00 -1.656689639015358352e+03
-1.311874583055370191e+00 -1.656588569108495676e+03
-1.309873248832555070e+00 -1.655472661610232990e+03
-1.307871914609739727e+00 -1.646455892711257775e+03
-1.305870580386924606e+00 -1.621101126511536904e+03
-1.303869246164109486e+00 -1.609712644292259256e+03
-1.301867911941294143e+00 -1.608190373357282624e+03
-1.299866577718479022e+00 -1.608024338741237898e+03
-1.297865243495663679e+00 -1.607890966842638591e+03
-1.295863909272848558e+00 -1.606696496766630389e+03
-1.293862575050033215e+00 -1.595703235556412437e+03
-1.291861240827218094e+00 -1.541816092780367853e+03
-1.289859906604402973e+00 -1.492097965163623712e+03
-1.287858572381587630e+00 -1.482885287010340789e+03
-1.285857238158772509e+00 -1.481901260137720101e+03
-1.283855903935957166e+00 -1.481789148080571977e+03
-1.281854569713142045e+00 -1.481627683865926201e+03
-1.279853235490326924e+00 -1.480141416523677435e+03
-1.277851901267511581e+00 -1.469627239051069409e+03
-1.275850567044696460e+00 -1.449499868199382718e+03
-1.273849232821881117e+00 -1.443249467079734359e+03
-1.271847898599065996e+00 -1.442505809236076402e+03
-1.269846564376250875e+00 -1.442450006220371506e+03
-1.267845230153435532e+00 -1.442634482063377391e+03
-1.265843895930620411e+00 -1.444556455291473185e+03
-1.263842561707805068e+00 -1.461185103883823331e+03
-1.261841227484989947e+00 -1.521729814297462326e+03
-1.259839893262174826e+00 -1.558423105018862771e+03
-1.257838559039359483e+00 -1.563935032477572349e+03
-1.255837224816544362e+00 -1.564509170412752610e+03
-1.253835890593729019e+00 -1.564621489776528279e+03
-1.251834556370913898e+00 -1.565197096841124448e+03
-1.249833222148098777e+00 -1.570617663552905015e+03
-1.247831887925283434e+00 -1.602401579482196212e+03
-1.245830553702468313e+00 -1.642546521642298103e+03
-1.243829219479652970e+00 -1.651599058568572445e+03
-1.241827885256837849e+00 -1.652598291752696696e+03
-1.239826551034022728e+00 -1.652670553999900449e+03
-1.237825216811207385e+00 -1.652403665211490988e+03
-1.235823882588392264e+00 -1.649663938885906418e+03
-1.233822548365576921e+00 -1.628191061586272099e+03
-1.231821214142761800e+00 -1.573421175855131651e+03
-1.229819879919946679e+00 -1.551191141248183385e+03
-1.227818545697131336e+00 -1.548320834519349773e+03
-1.225817211474316215e+00 -1.548018509702075107e+03
-1.223815877251500872e+00 -1.547864610116143012e+03
-1.221814543028685751e+00 -1.546598107856134448e+03
-1.219813208805870630e+00 -1.535120154290123992e+03
-1.217811874583055287e+00 -1.482901022492404536e+03
-1.215810540360240166e+00 -1.439962324765125913e+03
-1.213809206137424823e+00 -1.432493914938675061e+03
-1.211807871914609702e+00 -1.431709953017071030e+03
-1.209806537691794581e+00 -1.431674798495707819e+03
-1.207805203468979238e+00 -1.432100487424143466e+03
-1.205803869246164117e+00 -1.436308703335393830e+03
-1.203802535023348774e+00 -1.464748024554726044e+03
-1.201801200800533653e+00 -1.513318912904733224e+03
-1.199799866577718532e+00 -1.527032626294651664e+03
-1.197798532354903189e+00 -1.528630965842995920e+03
-1.195797198132088068e+00 -1.528811140570875978e+03
-1.193795863909272725e+00 -1.529038594723285769e+03
-1.191794529686457604e+00 -1.531157304752422306e+03
-1.189793195463642483e+00 -1.549028366724960051e+03
-1.187791861240827140e+00 -1.608066753872732534e+03
-1.185790527018012019e+00 -1.639845899917729412e+03
-1.183789192795196676e+00 -1.644388084832750110e+03
-1.181787858572381555e+00 -1.644844417317843408e+03
-1.179786524349566434e+00 -1.644797218402286944e+03
-1.177785190126751091e+00 -1.643860602913986895e+03
-1.175783855903935970e+00 -1.635014977744301405e+03
-1.173782521681120627e+00 -1.586572942506699746e+03
-1.171781187458305507e+00 -1.532693562564353442e+03
-1.169779853235490386e+00 -1.521520983166156839e+03
-1.167778519012675043e+00 -1.520302235606944578e+03
-1.165777184789859922e+00 -1.520155488754382759e+03
-1.163775850567044579e+00 -1.519877009768950302e+03
-1.161774516344229458e+00 -1.517247434453794767e+03
-1.159773182121414337e+00 -1.497451683335822054e+03
-1.157771847898598994e+00 -1.452622566895181080e+03
-1.155770513675783873e+00 -1.436423116559156369e+03
-1.153769179452968530e+00 -1.434408627151573455e+03
-1.151767845230153409e+00 -1.434224813145586268e+03
-1.149766511007338288e+00 -1.434399367960941163e+03
-1.147765176784522945e+00 -1.436353514401369466e+03
-1.145763842561707824e+00 -1.453774783957357613e+03
-1.143762508338892481e+00 -1.525909567243325000e+03
-1.141761174116077360e+00 -1.577712872280101465e+03
-1.139759839893262239e+00 -1.586125100360275383e+03
-1.137758505670446896e+00 -1.587003446014515475e+03
-1.135757171447631775e+00 -1.587093080031576847e+03
-1.133755837224816432e+00 -1.587132099496569026e+03
-1.131754503002001311e+00 -1.587426764737317626e+03
-1.129753168779186190e+00 -1.589294561372933458e+03
-1.127751834556370847e+00 -1.592074565810292597e+03
-1.125750500333555726e+00 -1.592779417647032460e+03
-1.123749166110740383e+00 -1.592856078808351185e+03
-1.121747831887925262e+00 -1.592829574106493055e+03
-1.119746497665110141e+00 -1.592479551071307469e+03
-1.117745163442294798e+00 -1.588986631169772181e+03
-1.115743829219479677e+00 -1.560458934446401599e+03
-1.113742494996664334e+00 -1.476949235008275082e+03
-1.111741160773849213e+00 -1.437771813287537043e+03
-1.109739826551034092e+00 -1.432457822068196947e+03
-1.107738492328218749e+00 -1.431925587332352734e+03
-1.105737158105403628e+00 -1.431958633383039796e+03
-1.103735823882588285e+00 -1.432824452518489352e+03
-1.101734489659773164e+00 -1.440883499130467499e+03
-1.099733155436958043e+00 -1.481274095736477420e+03
-1.097731821214142700e+00 -1.519893934729404691e+03
-1.095730486991327579e+00 -1.527198693573064475e+03
-1.093729152768512236e+00 -1.527983759780576747e+03
-1.091727818545697115e+00 -1.528093906789582888e+03
-1.089726484322881994e+00 -1.528434794272376394e+03
-1.087725150100066651e+00 -1.531697855758170590e+03
-1.085723815877251530e+00 -1.554993753146684867e+03
-1.083722481654436187e+00 -1.600606397999374622e+03
-1.081721147431621066e+00 -1.615050565147864518e+03
-1.079719813208805945e+00 -1.616779801783695348e+03
-1.077718478985990602e+00 -1.616927183315412549e+03
-1.075717144763175481e+00 -1.616678339390940437e+03
-1.073715810540360138e+00 -1.614014091550195417e+03
-1.071714476317545017e+00 -1.590908594229890696e+03
-1.069713142094729896e+00 -1.506032242969708705e+03
-1.067711807871914553e+00 -1.454013073589861506e+03
-1.065710473649099432e+00 -1.446161833623264329e+03
-1.063709139426284089e+00 -1.445355041597297941e+03
-1.061707805203468968e+00 -1.445314293376524347e+03
-1.059706470980653847e+00 -1.445702815950538934e+03
-1.057705136757838504e+00 -1.449469841082103130e+03
-1.055703802535023383e+00 -1.471551428674115414e+03
-1.053702468312208040e+00 -1.499409618705398771e+03
-1.051701134089392919e+00 -1.505686968924284884e+03
-1.049699799866577798e+00 -1.506383952599416034e+03
-1.047698465643762455e+00 -1.506477266822641923e+03
-1.045697131420947334e+00 -1.506731795340638200e+03
-1.043695797198131991e+00 -1.509185686516814258e+03
-1.041694462975316871e+00 -1.528328692800184854e+03
-1.039693128752501750e+00 -1.576538504607124423e+03
-1.037691794529686407e+00 -1.595856856975529354e+03
-1.035690460306871286e+00 -1.598338031007653854e+03
-1.033689126084055943e+00 -1.598570125934226326e+03
-1.031687791861240822e+00 -1.598403601116406662e+03
-1.029686457638425701e+00 -1.596479819454925064e+03
-1.027685123415610358e+00 -1.579051159276895078e+03
-1.025683789192795237e+00 -1.501227430269119395e+03
-1.023682454969979894e+00 -1.438986295937799696e+03
-1.021681120747164773e+00 -1.428317071548972535e+03
-1.019679786524349652e+00 -1.427198255054482615e+03
-1.017678452301534309e+00 -1.427132543987092049e+03
-1.015677118078719188e+00 -1.427580381185038050e+03
-1.013675783855903845e+00 -1.432023803798028439e+03
-1.011674449633088724e+00 -1.461535574794239437e+03
-1.009673115410273603e+00 -1.509935227884381902e+03
-1.007671781187458260e+00 -1.523164366994160446e+03
-1.005670446964642917e+00 -1.524692904665338119e+03
-1.003669112741827796e+00 -1.524852428448073852e+03
-1.001667778519012675e+00 -1.524939931403487435e+03
-9.996664442961974428e-01 -1.525665449888298326e+03
-9.976651100733822108e-01 -1.531703431598652969e+03
-9.956637758505669789e-01 -1.550754949702574322e+03
-9.936624416277517469e-01 -1.560476374001833619e+03
-9.916611074049366259e-01 -1.561836068099641807e+03
-9.896597731821213939e-01 -1.561962544451843314e+03
-9.876584389593061619e-01 -1.561848245394922060e+03
-9.856571047364909299e-01 -1.560555850372680425e+03
-9.836557705136756979e-01 -1.548481196142474118e+03
-9.816544362908605770e-01 -1.484997895487980031e+03
-9.796531020680453450e-01 -1.419241301737931281e+03
-9.776517678452301130e-01 -1.406197919372670412e+03
-9.756504336224148810e-01 -1.404795080127838901e+03
-9.736490993995996490e-01 -1.404710237000790357e+03
-9.716477651767845281e-01 -1.405251174417790253e+03
-9.696464309539692961e-01 -1.410696393329428247e+03
-9.676450967311540641e-01 -1.450561767568195137e+03
-9.656437625083388321e-01 -1.533907319788556151e+03
-9.636424282855236001e-01 -1.561882134563004911e+03
-9.616410940627084791e-01 -1.565289334043698545e+03
-9.596397598398932471e-01 -1.565620787010658205e+03
-9.576384256170780152e-01 -1.565546082025450460e+03
-9.556370913942627832e-01 -1.564462019142623376e+03
-9.536357571714475512e-01 -1.554938105927826655e+03
-9.516344229486324302e-01 -1.518339333129114721e+03
-9.496330887258171982e-01 -1.494568200059822402e+03
-9.476317545030019662e-01 -1.490885963224376155e+03
-9.456304202801867342e-01 -1.490502233259513559e+03
-9.436290860573715022e-01 -1.490442795803645140e+03
-9.416277518345562703e-01 -1.490218026521852153e+03
-9.396264176117411493e-01 -1.488107763614694022e+03
-9.376250833889259173e-01 -1.475432326521458208e+03
-9.356237491661106853e-01 -1.458644948838483288e+03
-9.336224149432954533e-01 -1.454733078507302707e+03
-9.316210807204802213e-01 -1.454299883025778399e+03
-9.296197464976651004e-01 -1.454284438126695932e+03
-9.276184122748498684e-01 -1.454563612216091542e+03
-9.256170780520346364e-01 -1.457373295857456696e+03
-9.236157438292194044e-01 -1.479536355226408432e+03
-9.216144096064041724e-01 -1.537266965294626971e+03
-9.196130753835890514e-01 -1.561204085995187143e+03
-9.176117411607738195e-01 -1.564313653582933966e+03
-9.156104069379585875e-01 -1.564611663789617751e+03
-9.136090727151433555e-01 -1.564471851650698682e+03
-9.116077384923281235e-01 -1.562753769448687535e+03
-9.096064042695130025e-01 -1.547123889049571517e+03
-9.076050700466977705e-01 -1.476057343309006683e+03
-9.056037358238825385e-01 -1.417675776462700014e+03
-9.036024016010673066e-01 -1.407526426959341961e+03
-9.016010673782520746e-01 -1.406461186224064022e+03
-8.995997331554369536e-01 -1.406413966868262378e+03
-8.975983989326217216e-01 -1.406997904879985072e+03
-8.955970647098064896e-01 -1.412760589039714887e+03
-8.935957304869912576e-01 -1.451282936071371068e+03
-8.915943962641760256e-01 -1.515419101537168217e+03
-8.895930620413609047e-01 -1.533160384445534191e+03
-8.875917278185456727e-01 -1.535214095273433486e+03
-8.855903935957304407e-01 -1.535407197036317029e+03
-8.835890593729152087e-01 -1.535305858948142031e+03
-8.815877251500999767e-01 -1.534095191123664335e+03
-8.795863909272848558e-01 -1.523974522303773938e+03
-8.775850567044696238e-01 -1.491937681615249858e+03
-8.755837224816543918e-01 -1.475530088805999412e+03
-8.735823882588391598e-01 -1.473229927848843090e+03
-8.715810540360239278e-01 -1.472994819038746755e+03
-8.695797198132088068e-01 -1.472970903139386792e+03
-8.675783855903935748e-01 -1.472960756444230583e+03
-8.655770513675783429e-01 -1.472887071558915977e+03
-8.635757171447631109e-01 -1.472502640734346187e+03
-8.615743829219478789e-01 -1.472107673647964475e+03
-8.595730486991326469e-01 -1.472029862861048287e+03
-8.575717144763175259e-01 -1.472023055829485884e+03
-8.555703802535022939e-01 -1.472038565266399473e+03
-8.535690460306870619e-01 -1.472204536071669281e+03
-8.515677118078718300e-01 -1.473833709201934198e+03
-8.495663775850565980e-01 -1.485675122084963277e+03
-8.475650433622414770e-01 -1.509967852552598742e+03
-8.455637091394262450e-01 -1.517984129230937242e+03
-8.435623749166110130e-01 -1.518954465995014743e+03
-8.415610406937957810e-01 -1.519034784825258612e+03
-8.395597064709805490e-01 -1.518869318884945642e+03
-8.375583722481654281e-01 -1.517114194945832423e+03
-8.355570380253501961e-01 -1.501820541304079370e+03
-8.335557038025349641e-01 -1.444479732058936634e+03
-8.315543695797197321e-01 -1.408406857988762113e+03
-8.295530353569045001e-01 -1.402899764336053295e+03
-8.275517011340893792e-01 -1.402337711321376446e+03
-8.255503669112741472e-01 -1.402358537922422784e+03
-8.235490326884589152e-01 -1.403132584342791006e+03
-8.215476984656436832e-01 -1.410544663290625749e+03
-8.195463642428284512e-01 -1.454065824540238282e+03
-8.175450300200133302e-01 -1.509164257698080746e+03
-8.155436957971980982e-01 -1.521608635138421050e+03
-8.135423615743828663e-01 -1.522982793031096435e+03
-8.115410273515676343e-01 -1.523082982434322275e+03
-8.095396931287524023e-01 -1.522724304718927215e+03
-8.075383589059372813e-01 -1.519043906814044931e+03
-8.055370246831220493e-01 -1.490482927359934138e+03
-8.035356904603068173e-01 -1.419848575548354574e+03
-8.015343562374915853e-01 -1.392052279497133895e+03
-7.995330220146763534e-01 -1.388501723818144910e+03
-7.975316877918612324e-01 -1.388157771995406165e+03
-7.955303535690460004e-01 -1.388271743167385011e+03
-7.935290193462307684e-01 -1.389770686024451152e+03
-7.915276851234155364e-01 -1.403279209687079401e+03
-7.895263509006003044e-01 -1.461781251815800715e+03
-7.875250166777851835e-01 -1.506536060166588413e+03
-7.855236824549699515e-01 -1.514034715273261554e+03
-7.835223482321547195e-01 -1.514816944478830010e+03
-7.815210140093394875e-01 -1.514850138351949454e+03
-7.795196797865242555e-01 -1.514406909289068608e+03
-7.775183455637091345e-01 -1.510058750461434556e+03
-7.755170113408939025e-01 -1.482042643339700362e+03
-7.735156771180786706e-01 -1.439111127587021883e+03
-7.715143428952634386e-01 -1.427979260113836062e+03
-7.695130086724482066e-01 -1.426711406358263048e+03
-7.675116744496329746e-01 -1.426605478181634453e+03
-7.655103402268178536e-01 -1.426802284766180037e+03
-7.635090060040026216e-01 -1.428884025515371377e+03
-7.615076717811873896e-01 -1.445873722505665000e+03
-7.595063375583721577e-01 -1.495384606625801325e+03
-7.575050033355569257e-01 -1.518497724288735753e+03
-7.555036691127418047e-01 -1.521627202198751320e+03
-7.535023348899265727e-01 -1.521940825207010676e+03
-7.515010006671113407e-01 -1.521924012046809139e+03
-7.494996664442961087e-01 -1.521441195165041563e+03
-7.474983322214808767e-01 -1.516966972594343815e+03
-7.454969979986657558e-01 -1.495107737711261052e+03
-7.434956637758505238e-01 -1.475048601673554458e+03
-7.414943295530352918e-01 -1.471343353808739039e+03
-7.394929953302200598e-01 -1.470950451422789229e+03
-7.374916611074048278e-01 -1.470932722707240828e+03
-7.354903268845897069e-01 -1.471145441746450388e+03
-7.334889926617744749e-01 -1.473256182970556665e+03
-7.314876584389592429e-01 -1.487897478726297550e+03
-7.294863242161440109e-01 -1.514524808042776385e+03
-7.274849899933287789e-01 -1.522441709016352661e+03
-7.254836557705136579e-01 -1.523374954900958755e+03
-7.234823215476984259e-01 -1.523464733386375883e+03
-7.214809873248831940e-01 -1.523437573946160455e+03
-7.194796531020679620e-01 -1.523075161160184052e+03
-7.174783188792527300e-01 -1.519995924173316780e+03
-7.154769846564376090e-01 -1.509659765123363513e+03
-7.134756504336223770e-01 -1.503989849725976001e+03
-7.114743162108071450e-01 -1.503173270302535911e+03
-7.094729819879919130e-01 -1.503091257260666680e+03
-7.074716477651766811e-01 -1.503100896858553369e+03
-7.054703135423615601e-01 -1.503281002962263756e+03
-7.034689793195463281e-01 -1.504977029899373747e+03
-7.014676450967310961e-01 -1.514125438595458263e+03
-6.994663108739158641e-01 -1.524031241715094438e+03
-6.974649766511006321e-01 -1.526050770246689808e+03
-6.954636424282855112e-01 -1.526269499386220559e+03
-6.934623082054702792e-01 -1.526287021592390147e+03
-6.914609739826550472e-01 -1.526246611752615763e+03
-6.894596397598398152e-01 -1.525828835870456260e+03
-6.874583055370245832e-01 -1.522756991115415985e+03
-6.854569713142093512e-01 -1.516263016838068097e+03
-6.834556370913942303e-01 -1.514061289146962963e+03
-6.814543028685789983e-01 -1.513792526516371026e+03
-6.794529686457637663e-01 -1.513768031856393009e+03
-6.774516344229485343e-01 -1.513790993472269975e+03
-6.754503002001333023e-01 -1.514047769392300552e+03
-6.734489659773181813e-01 -1.516290891623243397e+03
-6.714476317545029493e-01 -1.524775125548735105e+03
-6.694462975316877174e-01 -1.530173196232862210e+03
-6.674449633088724854e-01 -1.531001522522871483e+03
-6.654436290860572534e-01 -1.531086670553107524e+03
-6.634422948632421324e-01 -1.531089164959222217e+03
-6.614409606404269004e-01 -1.531029673151040924e+03
-6.594396264176116684e-01 -1.530456621951795114e+03
-6.574382921947964364e-01 -1.527107809658827591e+03
-6.554369579719812045e-01 -1.522907415668567864e+03
-6.534356237491660835e-01 -1.521964780692601607e+03
-6.514342895263508515e-01 -1.521861297881392602e+03
-6.494329553035356195e-01 -1.521858583515733471e+03
-6.474316210807203875e-01 -1.521935174111255492e+03
-6.454302868579051555e-01 -1.522702059151752110e+03
-6.434289526350900346e-01 -1.528598390301624704e+03
-6.414276184122748026e-01 -1.542784386286813515e+03
-6.394262841894595706e-01 -1.548217540141057725e+03
-6.374249499666443386e-01 -1.548905703949419149e+03
-6.354236157438291066e-01 -1.548973004082771240e+03
-6.334222815210139856e-01 -1.548958209497529424e+03
-6.314209472981987536e-01 -1.548741405457426708e+03
-6.294196130753835217e-01 -1.546801177396585217e+03
-6.274182788525682897e-01 -1.538701065107710065e+03
-6.254169446297530577e-01 -1.532817373965152910e+03
-6.234156104069379367e-01 -1.531856863172803742e+03
-6.214142761841227047e-01 -1.531759072447455083e+03
-6.194129419613074727e-01 -1.531775453797824184e+03
-6.174116077384922407e-01 -1.532040953100211027e+03
-6.154102735156770088e-01 -1.534598086585336887e+03
-6.134089392928618878e-01 -1.550519128488562274e+03
-6.114076050700466558e-01 -1.573197764025296465e+03
-6.094062708472314238e-01 -1.578766025463508868e+03
-6.074049366244161918e-01 -1.579392749407960537e+03
-6.054036024016009598e-01 -1.579447541815256045e+03
-6.034022681787858389e-01 -1.579376120804147376e+03
-6.014009339559706069e-01 -1.578606997934176434e+03
-5.993995997331553749e-01 -1.572481911753567147e+03
-5.973982655103401429e-01 -1.556060213551817242e+03
-5.953969312875249109e-01 -1.549045751119317401e+03
-5.933955970647096789e-01 -1.548125650051739285e+03
-5.913942628418945580e-01 -1.548039760325390034e+03
-5.893929286190793260e-01 -1.548105890187306841e+03
-5.873915943962640940e-01 -1.548863868111828424e+03
-5.853902601734488620e-01 -1.555747455080913824e+03
-5.833889259506336300e-01 -1.586865046576950590e+03
-5.813875917278185090e-01 -1.612208712821493009e+03
-5.793862575050032770e-01 -1.616594562309388493e+03
-5.773849232821880451e-01 -1.617054560995851489e+03
-5.753835890593728131e-01 -1.617075129253317755e+03
-5.733822548365575811e-01 -1.616824909172930802e+03
-5.713809206137424601e-01 -1.614363007823773614e+03
-5.693795863909272281e-01 -1.598259096263453102e+03
-5.673782521681119961e-01 -1.572741993955061844e+03
-5.653769179452967641e-01 -1.565953114679551845e+03
-5.633755837224815322e-01 -1.565175454523851840e+03
-5.613742494996664112e-01 -1.565112266389807019e+03
-5.593729152768511792e-01 -1.565251854141728927e+03
-5.573715810540359472e-01 -1.566716906499446850e+03
-5.553702468312207152e-01 -1.578687451061498450e+03
-5.533689126084054832e-01 -1.613721696435394733e+03
-5.513675783855903623e-01 -1.630153621287860915e+03
-5.493662441627751303e-01 -1.632381991771932917e+03
-5.473649099399598983e-01 -1.632602614261018971e+03
-5.453635757171446663e-01 -1.632562388533607191e+03
-5.433622414943294343e-01 -1.631933520118737988e+03
-5.413609072715143133e-01 -1.626139490904894501e+03
-5.393595730486990814e-01 -1.598270156592432386e+03
-5.373582388258838494e-01 -1.573317170443592431e+03
-5.353569046030686174e-01 -1.568771195370110718e+03
-5.333555703802533854e-01 -1.568289247969636108e+03
-5.313542361574382644e-01 -1.568256868605210911e+03
-5.293529019346230324e-01 -1.568408609554611303e+03
-5.273515677118078004e-01 -1.569928514558167763e+03
-5.253502334889925685e-01 -1.580246111753372361e+03
-5.233488992661773365e-01 -1.598049557266886040e+03
-5.213475650433622155e-01 -1.603118222578229961e+03
-5.193462308205469835e-01 -1.603708555530532294e+03
-5.173448965977317515e-01 -1.603758389766007440e+03
-5.153435623749165195e-01 -1.603670476819740998e+03
-5.133422281521012875e-01 -1.602735865133866355e+03
-5.113408939292860556e-01 -1.594953443838127214e+03
-5.093395597064709346e-01 -1.570582383154744093e+03
-5.073382254836557026e-01 -1.558253766091012494e+03
-5.053368912608404706e-01 -1.556533682774030467e+03
-5.033355570380252386e-01 -1.556358763795858977e+03
-5.013342228152100066e-01 -1.556348972309282090e+03
-4.993328885923948857e-01 -1.556423015345685371e+03
-4.973315543695795427e-01 -1.557124273506216241e+03
-4.953302201467644217e-01 -1.560656576082016272e+03
-4.933288859239493007e-01 -1.564060952458287829e+03
-4.913275517011339577e-01 -1.564707866929112924e+03
-4.893262174783188367e-01 -1.564777523378955721e+03
-4.873248832555034937e-01 -1.564788045705570767e+03
-4.853235490326883728e-01 -1.564825958728111573e+03
-4.833222148098732518e-01 -1.565189300676428957e+03
-4.813208805870579088e-01 -1.567720079597272161e+03
-4.793195463642427878e-01 -1.572373984723798003e+03
-4.773182121414274448e-01 -1.573770608291089957e+03
-4.753168779186123238e-01 -1.573935286143911526e+03
-4.733155436957972029e-01 -1.573947543213322206e+03
-4.713142094729818599e-01 -1.573905851277389502e+03
-4.693128752501667389e-01 -1.573473115383086679e+03
-4.673115410273513959e-01 -1.569824146524728803e+03
-4.653102068045362749e-01 -1.557833172424509939e+03
-4.633088725817211539e-01 -1.551418949698236929e+03
-4.613075383589058109e-01 -1.550504604624031799e+03
-4.593062041360906900e-01 -1.550414331374767698e+03
-4.573048699132753470e-01 -1.550439836668281259e+03
-4.553035356904602260e-01 -1.550789913262514801e+03
-4.533022014676451050e-01 -1.554058574866016443e+03
-4.513008672448297620e-01 -1.571037162459818546e+03
-4.492995330220146410e-01 -1.588265357079765863e+03
-4.472981987991992980e-01 -1.591640332396884787e+03
-4.452968645763841771e-01 -1.592002386196876841e+03
-4.432955303535690561e-01 -1.592023193735039285e+03
-4.412941961307537131e-01 -1.591872566003384236e+03
-4.392928619079385921e-01 -1.590365684778677860e+03
-4.372915276851232491e-01 -1.579690224855696670e+03
-4.352901934623081281e-01 -1.559222413800674303e+03
-4.332888592394930072e-01 -1.552857727156326973e+03
-4.312875250166776642e-01 -1.552098775663965171e+03
-4.292861907938625432e-01 -1.552027173822016721e+03
-4.272848565710472002e-01 -1.552064806922600155e+03
-4.252835223482320792e-01 -1.552515237242703506e+03
-4.232821881254169583e-01 -1.556346758572624594e+03
-4.212808539026016152e-01 -1.569309138245037047e+03
-4.192795196797864943e-01 -1.576486608288536900e+03
-4.172781854569711513e-01 -1.577524344254318748e+03
-4.152768512341560303e-01 -1.577629587329947526e+03
-4.132755170113409093e-01 -1.577627244986761070e+03
-4.112741827885255663e-01 -1.577498561338789386e+03
-4.092728485657104454e-01 -1.576287049640020086e+03
-4.072715143428951023e-01 -1.569887927798532928e+03
-4.052701801200799814e-01 -1.563207703406588735e+03
-4.032688458972648604e-01 -1.561876185849280091e+03
-4.012675116744495174e-01 -1.561731801198487801e+03
-3.992661774516343964e-01 -1.561712291075164330e+03
-3.972648432288190534e-01 -1.561657409878178441e+03
-3.952635090060039325e-01 -1.561133824847931010e+03
-3.932621747831888115e-01 -1.557398271525437849e+03
-3.912608405603734685e-01 -1.550096046589208527e+03
-3.892595063375583475e-01 -1.547786919547551861e+03
-3.872581721147430045e-01 -1.547510587635080356e+03
-3.852568378919278835e-01 -1.547487123769563823e+03
-3.832555036691125405e-01 -1.547527769340452096e+03
-3.812541694462974196e-01 -1.547961455670214718e+03
-3.792528352234822986e-01 -1.551656199546755033e+03
-3.772515010006669556e-01 -1.564280756348287696e+03
-3.752501667778518346e-01 -1.571355385256902764e+03
-3.732488325550364916e-01 -1.572383184181912839e+03
-3.712474983322213706e-01 -1.572486482612098143e+03
-3.692461641094062497e-01 -1.572473782105143528e+03
-3.672448298865909067e-01 -1.572241289810763192e+03
-3.652434956637757857e-01 -1.570059223646788951e+03
-3.632421614409604427e-01 -1.558504522965627757e+03
-3.612408272181453217e-01 -1.546388904621281654e+03
-3.592394929953302007e-01 -1.543967604235208455e+03
-3.572381587725148577e-01 -1.543706554071706250e+03
-3.552368245496997368e-01 -1.543687929905951933e+03
-3.532354903268843938e-01 -1.543759504119989742e+03
-3.512341561040692728e-01 -1.544484519354160284e+03
-3.492328218812541518e-01 -1.549653156773933006e+03
-3.472314876584388088e-01 -1.559720885952174285e+03
-3.452301534356236878e-01 -1.562894724109233493e+03
-3.432288192128083448e-01 -1.563274791163067448e+03
-3.412274849899932239e-01 -1.563312914207311451e+03
-3.392261507671781029e-01 -1.563317202156675648e+03
-3.372248165443627599e-01 -1.563323050132803473e+03
-3.352234823215476389e-01 -1.563369640939168676e+03
-3.332221480987322959e-01 -1.563527194927411074e+03
-3.312208138759171749e-01 -1.563614450801826251e+03
-3.292194796531020540e-01 -1.563626862489012638e+03
-3.272181454302867110e-01 -1.563626009720676848e+03
-3.252168112074715900e-01 -1.563604245425909085e+03
-3.232154769846562470e-01 -1.563382984579927097e+03
-3.212141427618411260e-01 -1.561319550182367038e+03
-3.192128085390260051e-01 -1.550523237805154849e+03
-3.172114743162106620e-01 -1.539432012085406996e+03
-3.152101400933955411e-01 -1.537242960565720750e+03
-3.132088058705801981e-01 -1.537007721569414571e+03
-3.112074716477650771e-01 -1.536993309333433444e+03
-3.092061374249499561e-01 -1.537082048964603473e+03
-3.072048032021346131e-01 -1.537971314328594872e+03
-3.052034689793194921e-01 -1.544242834618522011e+03
-3.032021347565041491e-01 -1.556128595103552470e+03
-3.012008005336890282e-01 -1.559788016397274305e+03
-2.991994663108739072e-01 -1.560223282945989467e+03
-2.971981320880585642e-01 -1.560264831503536016e+03
-2.951967978652434432e-01 -1.560248364636848692e+03
-2.931954636424281002e-01 -1.560041419706782563e+03
-2.911941294196129792e-01 -1.558293859339803703e+03
-2.891927951967978583e-01 -1.552555201264107382e+03
-2.871914609739825153e-01 -1.549488061112951527e+03
-2.851901267511673943e-01 -1.549050735249955551e+03
-2.831887925283520513e-01 -1.549004954363413162e+03
-2.811874583055369303e-01 -1.548990330604790643e+03
-2.791861240827218094e-01 -1.548886706511413877e+03
-2.771847898599064663e-01 -1.547929124063025029e+03
-2.751834556370913454e-01 -1.543055130768893832e+03
-2.731821214142760024e-01 -1.538274139689347976e+03
-2.711807871914608814e-01 -1.537356284248849079e+03
-2.691794529686457604e-01 -1.537258320115324977e+03
-2.671781187458304174e-01 -1.537254155968028499e+03
-2.651767845230152965e-01 -1.537309888680660379e+03
-2.631754503001999534e-01 -1.537862096396590687e+03
-2.611741160773848325e-01 -1.541675051530197607e+03
-2.591727818545697115e-01 -1.548532249081003783e+03
-2.571714476317543685e-01 -1.550552073247209819e+03
-2.551701134089392475e-01 -1.550789482522899561e+03
-2.531687791861239045e-01 -1.550811080520777523e+03
-2.511674449633087836e-01 -1.550791486819422516e+03
-2.491661107404936626e-01 -1.550572934914516509e+03
-2.471647765176783196e-01 -1.548754648995594380e+03
-2.451634422948631986e-01 -1.543087716325317160e+03
-2.431621080720478556e-01 -1.540236548879254997e+03
-2.411607738492327346e-01 -1.539839534636763346e+03
-2.391594396264176137e-01 -1.539798684249609096e+03
-2.371581054036022707e-01 -1.539791397418606948e+03
-2.351567711807871497e-01 -1.539757721246837946e+03
-2.331554369579718067e-01 -1.539451387466353935e+03
-2.311541027351566857e-01 -1.537960833895005180e+03
-2.291527685123415647e-01 -1.536601428887861402e+03
-2.271514342895262217e-01 -1.536351224085664171e+03
-2.251501000667111008e-01 -1.536324976315091362e+03
-2.231487658438957578e-01 -1.536326539732462379e+03
-2.211474316210806368e-01 -1.536368898347482855e+03
-2.191460973982652938e-01 -1.536782131522378222e+03
-2.171447631754501728e-01 -1.539542078041494278e+03
-2.151434289526350518e-01 -1.544128968608030164e+03
-2.131420947298197088e-01 -1.545395984938305901e+03
-2.111407605070045879e-01 -1.545542514850192674e+03
-2.091394262841892449e-01 -1.545555389827360841e+03
-2.071380920613741239e-01 -1.545538893295121397e+03
-2.051367578385590029e-01 -1.545360549405271968e+03
-2.031354236157436599e-01 -1.543908631968066629e+03
-2.011340893929285389e-01 -1.539716678026136378e+03
-1.991327551701131959e-01 -1.537779475790463266e+03
-1.971314209472980750e-01 -1.537518045018198563e+03
-1.951300867244829540e-01 -1.537490915703627024e+03
-1.931287525016676110e-01 -1.537482621922151338e+03
-1.911274182788524900e-01 -1.537425120562520533e+03
-1.891260840560371470e-01 -1.536904925853876875e+03
-1.871247498332220260e-01 -1.534532903732144177e+03
-1.851234156104069051e-01 -1.532575728420481937e+03
-1.831220813875915621e-01 -1.532234715132226711e+03
-1.811207471647764411e-01 -1.532199142955486877e+03
-1.791194129419610981e-01 -1.532199955736771017e+03
-1.771180787191459771e-01 -1.532243911560412243e+03
-1.751167444963308562e-01 -1.532670489074253055e+03
-1.731154102735155131e-01 -1.535386323885340516e+03
-1.711140760507003922e-01 -1.539441983645827349e+03
-1.691127418278850492e-01 -1.540473261925186080e+03
-1.671114076050699282e-01 -1.540590296853426707e+03
-1.651100733822548072e-01 -1.540601085008695009e+03
-1.631087391594394642e-01 -1.540593358817684930e+03
-1.611074049366243433e-01 -1.540505518159865460e+03
-1.591060707138090002e-01 -1.539811937026187934e+03
-1.571047364909938793e-01 -1.538005990880114950e+03
-1.551034022681787583e-01 -1.537257477404764359e+03
-1.531020680453634153e-01 -1.537160113874140052e+03
-1.511007338225482943e-01 -1.537149343684706082e+03
-1.490993995997329513e-01 -1.537138912496555122e+03
-1.470980653769178303e-01 -1.537043624368532164e+03
-1.450967311541027094e-01 -1.536194344324774193e+03
-1.430953969312873664e-01 -1.532649717312216580e+03
-1.410940627084722454e-01 -1.530075821307150591e+03
-1.390927284856569024e-01 -1.529655645139833268e+03
-1.370913942628417814e-01 -1.529612311552446727e+03
-1.350900600400266605e-01 -1.529613750809039857e+03
-1.330887258172113174e-01 -1.529671786616879444e+03
-1.310873915943961965e-01 -1.530228935779648282e+03
-1.290860573715808535e-01 -1.533548471306191004e+03
-1.270847231487657325e-01 -1.537872739371213129e+03
-1.250833889259506115e-01 -1.538868873153003960e+03
-1.230820547031352685e-01 -1.538979605874546905e+03
-1.210807204803201476e-01 -1.538990626269827999e+03
-1.190793862575048045e-01 -1.538991934466203929e+03
-1.170780520346896836e-01 -1.538994294793970539e+03
-1.150767178118745626e-01 -1.539011322648741043e+03
-1.130753835890592196e-01 -1.539050110400187805e+03
-1.110740493662440986e-01 -1.539064194403339570e+03
-1.090727151434287556e-01 -1.539065758442867491e+03
-1.070713809206136347e-01 -1.539063950896086681e+03
-1.050700466977985137e-01 -1.539043758309193208e+03
-1.030687124749831707e-01 -1.538841062896479798e+03
-1.010673782521680497e-01 -1.537079501905789130e+03
-9.906604402935270670e-02 -1.530534228266166110e+03
-9.706470980653758573e-02 -1.526463992376104670e+03
-9.506337558372246477e-02 -1.525845762397708995e+03
-9.306204136090712176e-02 -1.525782465939530312e+03
-9.106070713809200079e-02 -1.525782256390728662e+03
-8.905937291527665778e-02 -1.525843213464269184e+03
-8.705803869246153681e-02 -1.526421411126640578e+03
-8.505670446964641584e-02 -1.529571447587125249e+03
-8.305537024683107283e-02 -1.533042481975113787e+03
-8.105403602401595187e-02 -1.533757977665412454e+03
-7.905270180120060886e-02 -1.533835761399589046e+03
-7.705136757838548789e-02 -1.533843318314839507e+03
-7.505003335557036692e-02 -1.533842534864628760e+03
-7.304869913275502391e-02 -1.533827547154356580e+03
-7.104736490993990294e-02 -1.533720571604485713e+03
-6.904603068712455993e-02 -1.533513967513437365e+03
-6.704469646430943897e-02 -1.533449308709705292e+03
-6.504336224149431800e-02 -1.533441476562673188e+03
-6.304202801867897499e-02 -1.533439621670769611e+03
-6.104069379586385402e-02 -1.533428540088897535e+03
-5.903935957304851101e-02 -1.533318626572534640e+03
-5.703802535023339004e-02 -1.532398497379600030e+03
-5.503669112741826908e-02 -1.529452072719326907e+03
-5.303535690460292606e-02 -1.527922836841950357e+03
-5.103402268178780510e-02 -1.527707308875603076e+03
-4.903268845897246209e-02 -1.527684897849359004e+03
-4.703135423615734112e-02 -1.527678892698185791e+03
-4.503002001334199811e-02 -1.527639967967480516e+03
-4.302868579052687714e-02 -1.527284110512273401e+03
-4.102735156771175618e-02 -1.525562698753344648e+03
-3.902601734489641316e-02 -1.524007383875615915e+03
-3.702468312208129220e-02 -1.523722602477874943e+03
-3.502334889926594919e-02 -1.523692498644931902e+03
-3.302201467645082822e-02 -1.523691640973886479e+03
-3.102068045363570725e-02 -1.523713048958629088e+03
-2.901934623082036424e-02 -1.523922785782247956e+03
-2.701801200800524327e-02 -1.525292872495859001e+03
-2.501667778518990026e-02 -1.527457443318133073e+03
-2.301534356237477930e-02 -1.528032032591682537e+03
-2.101400933955965833e-02 -1.528097936169725472e+03
-1.901267511674431532e-02 -1.528104518334207114e+03
-1.701134089392919435e-02 -1.528105303409846783e+03
-1.501000667111385134e-02 -1.528106756840852313e+03
-1.300867244829873037e-02 -1.528117797679901742e+03
-1.100733822548360941e-02 -1.528147139137901377e+03
-9.006004002668266395e-03 -1.528159556975496344e+03
-7.004669779853145428e-03 -1.528161092526740276e+03
-5.003335557037802417e-03 -1.528160328492686176e+03
-3.002001334222681450e-03 -1.528150884035729177e+03
-1.000667111407560483e-03 -1.528055736347833317e+03
1.000667111407782528e-03 -1.527208172939310543e+03
3.002001334222903495e-03 -1.523696020718236014e+03
5.003335557038246506e-03 -1.521171043046746490e+03
7.004669779853367473e-03 -1.520760813853747095e+03
9.006004002668488440e-03 -1.520718111229859232e+03
1.100733822548383145e-02 -1.520715120829359421e+03
1.300867244829895242e-02 -1.520727207381437438e+03
1.501000667111429543e-02 -1.520845880708681307e+03
1.701134089392941640e-02 -1.521537245376639476e+03
1.901267511674453736e-02 -1.522398960019185779e+03
2.101400933955988037e-02 -1.522591531388177600e+03
2.301534356237500134e-02 -1.522612843091115110e+03
2.501667778519034435e-02 -1.522615351372052373e+03
2.701801200800546532e-02 -1.522619592040649650e+03
2.901934623082058629e-02 -1.522659247908896077e+03
3.102068045363592930e-02 -1.522950789344775330e+03
3.302201467645105026e-02 -1.523568554026599941e+03
3.502334889926639327e-02 -1.523778450461003786e+03
3.702468312208151424e-02 -1.523804108389054363e+03
3.902601734489663521e-02 -1.523806657373437702e+03
4.102735156771197822e-02 -1.523806628915229567e+03
4.302868579052709919e-02 -1.523803835908809788e+03
4.503002001334244220e-02 -1.523779877659256044e+03
4.703135423615756316e-02 -1.523698422776466487e+03
4.903268845897268413e-02 -1.523653050160401335e+03
5.103402268178802714e-02 -1.523646415628260229e+03
5.303535690460314811e-02 -1.523645140522270594e+03
5.503669112741849112e-02 -1.523638958683724013e+03
5.703802535023361209e-02 -1.523577197978045206e+03
5.903935957304873305e-02 -1.523006291158954809e+03
6.104069379586407607e-02 -1.520158579781560093e+03
6.304202801867919703e-02 -1.517456434146104129e+03
6.504336224149454004e-02 -1.516947619909559307e+03
6.704469646430966101e-02 -1.516893238782170556e+03
6.904603068712478198e-02 -1.516888254363567967e+03
7.104736490994012499e-02 -1.516891766650125874e+03
7.304869913275524596e-02 -1.516930826806598816e+03
7.505003335557058897e-02 -1.517188909978705396e+03
7.705136757838570993e-02 -1.517606174672400357e+03
7.905270180120083090e-02 -1.517718951478855161e+03
8.105403602401617391e-02 -1.517731960618063567e+03
8.305537024683129488e-02 -1.517733455107328155e+03
8.505670446964663789e-02 -1.517735608787525052e+03
8.705803869246175886e-02 -1.517755728071552994e+03
8.905937291527687982e-02 -1.517915248391077739e+03
9.106070713809222283e-02 -1.518338735440164555e+03
9.306204136090734380e-02 -1.518517791785348436e+03
9.506337558372268681e-02 -1.518541215642431780e+03
9.706470980653780778e-02 -1.518543578950754409e+03
9.906604402935292875e-02 -1.518543724591475439e+03
1.010673782521682718e-01 -1.518542866517255788e+03
1.030687124749833927e-01 -1.518535055299032138e+03
1.050700466977987357e-01 -1.518503312655881700e+03
1.070713809206138567e-01 -1.518481103571012227e+03
1.090727151434289777e-01 -1.518477532149838680e+03
1.110740493662443207e-01 -1.518477057001098729e+03
1.130753835890594416e-01 -1.518475958786709498e+03
1.150767178118747847e-01 -1.518465209417243159e+03
1.170780520346899056e-01 -1.518363635768048425e+03
1.190793862575050266e-01 -1.517788602065940722e+03
1.210807204803203696e-01 -1.517109131583204999e+03
1.230820547031354906e-01 -1.516962597101659867e+03
1.250833889259508336e-01 -1.516946365597114891e+03
1.270847231487659545e-01 -1.516943133226263853e+03
1.290860573715812976e-01 -1.516926331200625782e+03
1.310873915943964185e-01 -1.516763353062147644e+03
1.330887258172115395e-01 -1.515597729289407880e+03
1.350900600400268825e-01 -1.513305650472640082e+03
1.370913942628420035e-01 -1.512577084556387945e+03
1.390927284856573465e-01 -1.512489683295773375e+03
1.410940627084724674e-01 -1.512481310726511310e+03
1.430953969312875884e-01 -1.512484400901914796e+03
1.450967311541029314e-01 -1.512523738402377148e+03
1.470980653769180524e-01 -1.512851425919674966e+03
1.490993995997333954e-01 -1.513873367265743582e+03
1.511007338225485164e-01 -1.514387900093791131e+03
1.531020680453636373e-01 -1.514459560870091082e+03
1.551034022681789803e-01 -1.514466876760812966e+03
1.571047364909941013e-01 -1.514467596718760660e+03
1.591060707138094443e-01 -1.514467665798898906e+03
1.611074049366245653e-01 -1.514467658692747818e+03
1.631087391594396863e-01 -1.514467595091170551e+03
1.651100733822550293e-01 -1.514467541692300529e+03
1.671114076050701502e-01 -1.514467531765032618e+03
1.691127418278854933e-01 -1.514467524737806343e+03
1.711140760507006142e-01 -1.514467463054897962e+03
1.731154102735157352e-01 -1.514466838832086069e+03
1.751167444963310782e-01 -1.514460861848288005e+03
1.771180787191461992e-01 -1.514424186854733080e+03
1.791194129419615422e-01 -1.514373492620957904e+03
1.811207471647766631e-01 -1.514361308037597155e+03
1.831220813875917841e-01 -1.514359877049786519e+03
1.851234156104071271e-01 -1.514359076656468460e+03
1.871247498332222481e-01 -1.514352307274373288e+03
1.891260840560375911e-01 -1.514285737260217047e+03
1.911274182788527121e-01 -1.513785918707295423e+03
1.931287525016678330e-01 -1.512663969964994294e+03
1.951300867244831760e-01 -1.512261887837524682e+03
1.971314209472982970e-01 -1.512211916537708248e+03
1.991327551701136400e-01 -1.512206400077699072e+03
2.011340893929287610e-01 -1.512200874743804434e+03
2.031354236157438820e-01 -1.512150462857629236e+03
2.051367578385592250e-01 -1.511720474695612893e+03
2.071380920613743459e-01 -1.510235184664604731e+03
2.091394262841896889e-01 -1.509391790877162748e+03
2.111407605070048099e-01 -1.509268575454456368e+03
2.131420947298199309e-01 -1.509256001461864571e+03
2.151434289526352739e-01 -1.509255663628380944e+03
2.171447631754503949e-01 -1.509264722642894185e+03
2.191460973982657379e-01 -1.509349370461041872e+03
2.211474316210808588e-01 -1.509765809178620884e+03
2.231487658438959798e-01 -1.510152174605206028e+03
2.251501000667113228e-01 -1.510223993863738542e+03
2.271514342895264438e-01 -1.510231660166451775e+03
2.291527685123417868e-01 -1.510232441044025563e+03
2.311541027351569078e-01 -1.510232748908374788e+03
2.331554369579720287e-01 -1.510235007047170484e+03
2.351567711807873717e-01 -1.510249439757895061e+03
2.371581054036024927e-01 -1.510271328424580588e+03
2.391594396264178357e-01 -1.510276959752883158e+03
2.411607738492329567e-01 -1.510277600203590055e+03
2.431621080720480776e-01 -1.510277655985424644e+03
2.451634422948634207e-01 -1.510277580112991473e+03
2.471647765176785416e-01 -1.510276768851820179e+03
2.491661107404938846e-01 -1.510270523953377051e+03
2.511674449633090056e-01 -1.510255473734439647e+03
2.531687791861241266e-01 -1.510249699800122244e+03
2.551701134089394696e-01 -1.510248965623666663e+03
2.571714476317545905e-01 -1.510248868542560331e+03
2.591727818545699336e-01 -1.510248624384097866e+03
2.611741160773850545e-01 -1.510246249249200446e+03
2.631754503002001755e-01 -1.510225735311079916e+03
2.651767845230155185e-01 -1.510151372227778211e+03
2.671781187458306395e-01 -1.510106549267984064e+03
2.691794529686459825e-01 -1.510099794171823305e+03
2.711807871914611034e-01 -1.510098700685860422e+03
2.731821214142762244e-01 -1.510094547470644102e+03
2.751834556370915674e-01 -1.510053278573592479e+03
2.771847898599066884e-01 -1.509670835740821531e+03
2.791861240827220314e-01 -1.507736383637388371e+03
2.811874583055371524e-01 -1.505858465229391186e+03
2.831887925283522733e-01 -1.505500122488073430e+03
2.851901267511676163e-01 -1.505461729331409288e+03
2.871914609739827373e-01 -1.505458165884293521e+03
2.891927951967980803e-01 -1.505460199269014083e+03
2.911941294196132013e-01 -1.505483401826362979e+03
2.931954636424283223e-01 -1.505634316417358605e+03
2.951967978652436653e-01 -1.505869718719644197e+03
2.971981320880587862e-01 -1.505931592860707042e+03
2.991994663108741292e-01 -1.505938674256174181e+03
3.012008005336892502e-01 -1.505939390795998406e+03
3.032021347565045932e-01 -1.505939572310015365e+03
3.052034689793197142e-01 -1.505940688953116705e+03
3.072048032021348352e-01 -1.505949256913741692e+03
3.092061374249501782e-01 -1.505970126862454890e+03
3.112074716477652991e-01 -1.505978217927991864e+03
3.132088058705806422e-01 -1.505979246692136940e+03
3.152101400933957631e-01 -1.505979347621678698e+03
3.172114743162108841e-01 -1.505979328305189256e+03
3.192128085390262271e-01 -1.505979033420207998e+03
3.212141427618413481e-01 -1.505976479561854376e+03
3.232154769846566911e-01 -1.505967256710798893e+03
3.252168112074718120e-01 -1.505961724517991570e+03
3.272181454302869330e-01 -1.505960897064574510e+03
3.292194796531022760e-01 -1.505960809623695468e+03
3.312208138759173970e-01 -1.505960779330031983e+03
3.332221480987327400e-01 -1.505960557456380684e+03
3.352234823215478610e-01 -1.505958513614216599e+03
3.372248165443629819e-01 -1.505948313813632467e+03
3.392261507671783249e-01 -1.505938627050028344e+03
3.412274849899934459e-01 -1.505936801816936622e+03
3.432288192128087889e-01 -1.505936603562545088e+03
3.452301534356239099e-01 -1.505936553128447031e+03
3.472314876584390309e-01 -1.505936235545073487e+03
3.492328218812543739e-01 -1.505933194454530849e+03
3.512341561040694948e-01 -1.505913788093565017e+03
3.532354903268848378e-01 -1.505884653209508315e+03
3.552368245496999588e-01 -1.505877212633299678e+03
3.572381587725150798e-01 -1.505876342313780015e+03
3.592394929953304228e-01 -1.505876004976572403e+03
3.612408272181455438e-01 -1.505873422926498733e+03
3.632421614409608868e-01 -1.505848027315122636e+03
3.652434956637760077e-01 -1.505655315312134462e+03
3.672448298865911287e-01 -1.505209193723411317e+03
3.692461641094064717e-01 -1.505044571699480912e+03
3.712474983322215927e-01 -1.505023903529469180e+03
3.732488325550369357e-01 -1.505021326591126126e+03
3.752501667778520567e-01 -1.505016027537143600e+03
3.772515010006671776e-01 -1.504965031149135939e+03
3.792528352234825206e-01 -1.504531281009566101e+03
3.812541694462976416e-01 -1.503052927409732547e+03
3.832555036691129846e-01 -1.502226976049891391e+03
3.852568378919281056e-01 -1.502107104669900536e+03
3.872581721147432265e-01 -1.502094788136683292e+03
3.892595063375585696e-01 -1.502093479304495986e+03
3.912608405603736905e-01 -1.502092384656428976e+03
3.932621747831890335e-01 -1.502083449411676156e+03
3.952635090060041545e-01 -1.502041409085747546e+03
3.972648432288192755e-01 -1.502004964143199913e+03
3.992661774516346185e-01 -1.501998441639067551e+03
4.012675116744497394e-01 -1.501997748776039316e+03
4.032688458972650825e-01 -1.501997666879949065e+03
4.052701801200802034e-01 -1.501997522752759323e+03
4.072715143428953244e-01 -1.501996208725033284e+03
4.092728485657106674e-01 -1.501988247060111235e+03
4.112741827885257884e-01 -1.501977510485826315e+03
4.132755170113411314e-01 -1.501974976421626025e+03
4.152768512341562523e-01 -1.501974694348169805e+03
4.172781854569713733e-01 -1.501974677114593305e+03
4.192795196797867163e-01 -1.501974785155410927e+03
4.212808539026018373e-01 -1.501975872208900228e+03
4.232821881254171803e-01 -1.501983786653059951e+03
4.252835223482323013e-01 -1.502000086497031589e+03
4.272848565710474222e-01 -1.502005484164078553e+03
4.292861907938627652e-01 -1.502006140091015141e+03
4.312875250166778862e-01 -1.502006214132287369e+03
4.332888592394932292e-01 -1.502006305233920102e+03
4.352901934623083502e-01 -1.502007149640042826e+03
4.372915276851234712e-01 -1.502014107460416881e+03
4.392928619079388142e-01 -1.502035181245022159e+03
4.412941961307539351e-01 -1.502045447719273852e+03
4.432955303535692781e-01 -1.502046859921216537e+03
4.452968645763843991e-01 -1.502047003926432808e+03
4.472981987991995201e-01 -1.502047018834005939e+03
4.492995330220148631e-01 -1.502047027694888811e+03
4.513008672448299841e-01 -1.502047094648664142e+03
4.533022014676453271e-01 -1.502047376650189562e+03
4.553035356904604480e-01 -1.502047584633133738e+03
4.573048699132755690e-01 -1.502047619057145766e+03
4.593062041360909120e-01 -1.502047624787465338e+03
4.613075383589060330e-01 -1.502047647074683255e+03
4.633088725817213760e-01 -1.502047869024971533e+03
4.653102068045364970e-01 -1.502049957475004476e+03
4.673115410273518400e-01 -1.502061475651693627e+03
4.693128752501669609e-01 -1.502074451008050346e+03
4.713142094729820819e-01 -1.502077163273848782e+03
4.733155436957974249e-01 -1.502077456318742179e+03
4.753168779186125459e-01 -1.502077458205819767e+03
4.773182121414278889e-01 -1.502077182716993320e+03
4.793195463642430099e-01 -1.502074479538935975e+03
4.813208805870581308e-01 -1.502056229185629718e+03
4.833222148098734738e-01 -1.502025125907440952e+03
4.853235490326885948e-01 -1.502016354086310457e+03
4.873248832555039378e-01 -1.502015278905945706e+03
4.893262174783190588e-01 -1.502014614441879075e+03
4.913275517011341798e-01 -1.502008882228003813e+03
4.933288859239495228e-01 -1.501952230250646380e+03
4.953302201467646437e-01 -1.501510680340520594e+03
4.973315543695799867e-01 -1.500402645481965010e+03
4.993328885923951077e-01 -1.499960221592656126e+03
5.013342228152102287e-01 -1.499903398818354617e+03
5.033355570380253496e-01 -1.499897417455419600e+03
5.053368912608409147e-01 -1.499894371302141280e+03
5.073382254836560357e-01 -1.499869455544619086e+03
5.093395597064711566e-01 -1.499655889529136857e+03
5.113408939292862776e-01 -1.498899650262388604e+03
5.133422281521013986e-01 -1.498456967214747692e+03
5.153435623749169636e-01 -1.498391457776034258e+03
5.173448965977320846e-01 -1.498384708987284512e+03
5.193462308205472056e-01 -1.498383998307853290e+03
5.213475650433623265e-01 -1.498383466421127878e+03
5.233488992661774475e-01 -1.498379187942616454e+03
5.253502334889930125e-01 -1.498358967883318655e+03
5.273515677118081335e-01 -1.498341313188027470e+03
5.293529019346232545e-01 -1.498338141056174209e+03
5.313542361574383754e-01 -1.498337803213447387e+03
5.333555703802534964e-01 -1.498337756603691560e+03
5.353569046030690615e-01 -1.498337618070361032e+03
5.373582388258841824e-01 -1.498336328433959807e+03
5.393595730486993034e-01 -1.498328645270674770e+03
5.413609072715144244e-01 -1.498318631909410669e+03
5.433622414943295453e-01 -1.498316324503746728e+03
5.453635757171451104e-01 -1.498316068253831190e+03
5.473649099399602314e-01 -1.498316045453619608e+03
5.493662441627753523e-01 -1.498316070145849835e+03
5.513675783855904733e-01 -1.498316335765847725e+03
5.533689126084055943e-01 -1.498318218594761220e+03
5.553702468312211593e-01 -1.498321827378839998e+03
5.573715810540362803e-01 -1.498322949261814529e+03
5.593729152768514012e-01 -1.498323083040731035e+03
5.613742494996665222e-01 -1.498323095771500903e+03
5.633755837224816432e-01 -1.498323090271238016e+03
5.653769179452972082e-01 -1.498323022686920012e+03
5.673782521681123292e-01 -1.498322480433758756e+03
5.693795863909274502e-01 -1.498320995870336901e+03
5.713809206137425711e-01 -1.498320347698185287e+03
5.733822548365576921e-01 -1.498320261814877995e+03
5.753835890593732572e-01 -1.498320251496237461e+03
5.773849232821883781e-01 -1.498320234078366639e+03
5.793862575050034991e-01 -1.498320067833605663e+03
5.813875917278186201e-01 -1.498318620509359334e+03
5.833889259506337410e-01 -1.498313190849997454e+03
5.853902601734493061e-01 -1.498309772453620326e+03
5.873915943962644270e-01 -1.498309250430684415e+03
5.893929286190795480e-01 -1.498309197433348572e+03
5.913942628418946690e-01 -1.498309202317143445e+03
5.933955970647097899e-01 -1.498309304816056056e+03
5.953969312875253550e-01 -1.498310253616220052e+03
5.973982655103404760e-01 -1.498314892560593080e+03
5.993995997331555969e-01 -1.498319154689044808e+03
6.014009339559707179e-01 -1.498319942562373399e+03
6.034022681787858389e-01 -1.498320026572359893e+03
6.054036024016014039e-01 -1.498320035023911487e+03
6.074049366244165249e-01 -1.498320037323554516e+03
6.094062708472316459e-01 -1.498320051585376632e+03
6.114076050700467668e-01 -1.498320137237499011e+03
6.134089392928618878e-01 -1.498320251859069231e+03
6.154102735156774528e-01 -1.498320278829838799e+03
6.174116077384925738e-01 -1.498320282487529312e+03
6.194129419613076948e-01 -1.498320289463188601e+03
6.214142761841228157e-01 -1.498320357317695880e+03
6.234156104069379367e-01 -1.498321020521398623e+03
6.254169446297535018e-01 -1.498325721316414047e+03
6.274182788525686227e-01 -1.498334750860786926e+03
6.294196130753837437e-01 -1.498337563238864959e+03
6.314209472981988647e-01 -1.498337898958336609e+03
6.334222815210139856e-01 -1.498337932845932073e+03
6.354236157438295507e-01 -1.498337938949664704e+03
6.374249499666446717e-01 -1.498337967084137972e+03
6.394262841894597926e-01 -1.498338188526068734e+03
6.414276184122749136e-01 -1.498338783050501206e+03
6.434289526350900346e-01 -1.498339037407114802e+03
6.454302868579055996e-01 -1.498339070816540243e+03
6.474316210807207206e-01 -1.498339074210768786e+03
6.494329553035358416e-01 -1.498339074642134619e+03
6.514342895263509625e-01 -1.498339075661786637e+03
6.534356237491660835e-01 -1.498339084188893821e+03
6.554369579719816485e-01 -1.498339115037983447e+03
6.574382921947967695e-01 -1.498339133592794724e+03
6.594396264176118905e-01 -1.498339136370682127e+03
6.614409606404270114e-01 -1.498339136657716608e+03
6.634422948632421324e-01 -1.498339136691829935e+03
6.654436290860576975e-01 -1.498339136753976391e+03
6.674449633088728184e-01 -1.498339137296326044e+03
6.694462975316879394e-01 -1.498339139827333838e+03
6.714476317545030604e-01 -1.498339141991579709e+03
6.734489659773181813e-01 -1.498339142375938081e+03
6.754503002001337464e-01 -1.498339142415838523e+03
6.774516344229488674e-01 -1.498339142411616876e+03
6.794529686457639883e-01 -1.498339142328547950e+03
6.814543028685791093e-01 -1.498339141537690011e+03
6.834556370913942303e-01 -1.498339136992245813e+03
6.854569713142097953e-01 -1.498339131467739662e+03
6.874583055370249163e-01 -1.498339130253827079e+03
6.894596397598400372e-01 -1.498339130118855792e+03
6.914609739826551582e-01 -1.498339130091896095e+03
6.934623082054702792e-01 -1.498339129951506493e+03
6.954636424282858442e-01 -1.498339128600344566e+03
6.974649766511009652e-01 -1.498339119469063917e+03
6.994663108739160862e-01 -1.498339103863863784e+03
7.014676450967312071e-01 -1.498339099455393125e+03
7.034689793195463281e-01 -1.498339098940313306e+03
7.054703135423618932e-01 -1.498339098869966620e+03
7.074716477651770141e-01 -1.498339098670642443e+03
7.094729819879921351e-01 -1.498339096751709349e+03
7.114743162108072561e-01 -1.498339082109221181e+03
7.134756504336223770e-01 -1.498339047632102165e+03
7.154769846564379421e-01 -1.498339034700727552e+03
7.174783188792530630e-01 -1.498339033070123605e+03
7.194796531020681840e-01 -1.498339032877125192e+03
7.214809873248833050e-01 -1.498339032566128935e+03
7.234823215476988700e-01 -1.498339029621300824e+03
7.254836557705139910e-01 -1.498339005084438213e+03
7.274849899933291120e-01 -1.498338927743438489e+03
7.294863242161442329e-01 -1.498338888324995878e+03
7.314876584389593539e-01 -1.498338882804081095e+03
7.334889926617749190e-01 -1.498338882186325236e+03
7.354903268845900399e-01 -1.498338881577669326e+03
7.374916611074051609e-01 -1.498338876010906915e+03
7.394929953302202819e-01 -1.498338826658051403e+03
7.414943295530354028e-01 -1.498338625660409662e+03
7.434956637758509679e-01 -1.498338484556853700e+03
7.454969979986660888e-01 -1.498338461878261569e+03
7.474983322214812098e-01 -1.498338459361964169e+03
7.494996664442963308e-01 -1.498338457552430555e+03
7.515010006671114517e-01 -1.498338441604420723e+03
7.535023348899270168e-01 -1.498338293994910600e+03
7.555036691127421378e-01 -1.498337547274516055e+03
7.575050033355572587e-01 -1.498336822205967565e+03
7.595063375583723797e-01 -1.498336683688616631e+03
7.615076717811875007e-01 -1.498336667379575601e+03
7.635090060040030657e-01 -1.498336650881612513e+03
7.655103402268181867e-01 -1.498336498434960504e+03
7.675116744496333077e-01 -1.498335043812800222e+03
7.695130086724484286e-01 -1.498326263482805416e+03
7.715143428952635496e-01 -1.498314523050637035e+03
7.735156771180791146e-01 -1.498311760238821989e+03
7.755170113408942356e-01 -1.498311364638436771e+03
7.775183455637093566e-01 -1.498310434059524596e+03
7.795196797865244775e-01 -1.498301291588969889e+03
7.815210140093395985e-01 -1.498212192282700244e+03
7.835223482321551636e-01 -1.497594265831691700e+03
7.855236824549702845e-01 -1.496470507251954132e+03
7.875250166777854055e-01 -1.496136390218072847e+03
7.895263509006005265e-01 -1.496096946879022198e+03
7.915276851234156474e-01 -1.496092562031937632e+03
7.935290193462312125e-01 -1.496087645610405161e+03
7.955303535690463335e-01 -1.496042826907837480e+03
7.975316877918614544e-01 -1.495697602685673701e+03
7.995330220146765754e-01 -1.494860015957943460e+03
8.015343562374916964e-01 -1.494536568788231079e+03
8.035356904603072614e-01 -1.494495481951522152e+03
8.055370246831223824e-01 -1.494491327932496006e+03
8.075383589059375034e-01 -1.494490827133468883e+03
8.095396931287526243e-01 -1.494489855782295763e+03
8.115410273515677453e-01 -1.494482084668432663e+03
8.135423615743833103e-01 -1.494457571993325928e+03
8.155436957971984313e-01 -1.494445061524310631e+03
8.175450300200135523e-01 -1.494443309870680423e+03
8.195463642428286732e-01 -1.494443129084190559e+03
8.215476984656437942e-01 -1.494443092611797283e+03
8.235490326884593593e-01 -1.494442901401413565e+03
8.255503669112744802e-01 -1.494441227927130740e+03
8.275517011340896012e-01 -1.494434561981677462e+03
8.295530353569047222e-01 -1.494430020491492769e+03
8.315543695797198431e-01 -1.494429301252332834e+03
8.335557038025354082e-01 -1.494429225648519150e+03
8.355570380253505292e-01 -1.494429209847465927e+03
8.375583722481656501e-01 -1.494429124070109083e+03
8.395597064709807711e-01 -1.494428341303014349e+03
8.415610406937958921e-01 -1.494424532127801285e+03
8.435623749166114571e-01 -1.494421057699882567e+03
8.455637091394265781e-01 -1.494420418011564607e+03
8.475650433622416990e-01 -1.494420349228586474e+03
8.495663775850568200e-01 -1.494420335964529841e+03
8.515677118078719410e-01 -1.494420269219021293e+03
8.535690460306875060e-01 -1.494419642878207924e+03
8.555703802535026270e-01 -1.494416041235734610e+03
8.575717144763177480e-01 -1.494411658568237272e+03
8.595730486991328689e-01 -1.494410694866099220e+03
8.615743829219479899e-01 -1.494410588598203503e+03
8.635757171447635550e-01 -1.494410576475274866e+03
8.655770513675786759e-01 -1.494410559260395985e+03
8.675783855903937969e-01 -1.494410402571121722e+03
8.695797198132089179e-01 -1.494409371643941313e+03
8.715810540360240388e-01 -1.494407713528902832e+03
8.735823882588396039e-01 -1.494407267182738678e+03
8.755837224816547248e-01 -1.494407215577343777e+03
8.775850567044698458e-01 -1.494407207940267654e+03
8.795863909272849668e-01 -1.494407181866056135e+03
8.815877251501000877e-01 -1.494406930668229961e+03
8.835890593729156528e-01 -1.494405090851363639e+03
8.855903935957307738e-01 -1.494401235536039621e+03
8.875917278185458947e-01 -1.494399938795533217e+03
8.895930620413610157e-01 -1.494399780659452972e+03
8.915943962641761367e-01 -1.494399764187470737e+03
8.935957304869917017e-01 -1.494399756478284871e+03
8.955970647098068227e-01 -1.494399695283843357e+03
8.975983989326219437e-01 -1.494399209624754349e+03
8.995997331554370646e-01 -1.494397908467925618e+03
9.016010673782521856e-01 -1.494397353059689067e+03
9.036024016010677506e-01 -1.494397280096988652e+03
9.056037358238828716e-01 -1.494397271997661619e+03
9.076050700466979926e-01 -1.494397263987829319e+03
9.096064042695131135e-01 -1.494397191079408231e+03
9.116077384923282345e-01 -1.494396574049578930e+03
9.136090727151437996e-01 -1.494394507158916895e+03
9.156104069379589205e-01 -1.494393376120215180e+03
9.176117411607740415e-01 -1.494393213342112404e+03
9.196130753835891625e-01 -1.494393196514454985e+03
9.216144096064042834e-01 -1.494393193481830622e+03
9.236157438292198485e-01 -1.494393179356398605e+03
9.256170780520349695e-01 -1.494393055335697454e+03
9.276184122748500904e-01 -1.494392548743266161e+03
9.296197464976652114e-01 -1.494392191609052361e+03
9.316210807204803324e-01 -1.494392134093267032e+03
9.336224149432958974e-01 -1.494392127707263398e+03
9.356237491661110184e-01 -1.494392123092385191e+03
9.376250833889261393e-01 -1.494392082422468775e+03
9.396264176117412603e-01 -1.494391708879396901e+03
9.416277518345563813e-01 -1.494389895793522101e+03
9.436290860573719463e-01 -1.494388248977338662e+03
9.456304202801870673e-01 -1.494387946490653576e+03
9.476317545030021883e-01 -1.494387913934114749e+03
9.496330887258173092e-01 -1.494387907204628391e+03
9.516344229486324302e-01 -1.494387871011796960e+03
9.536357571714479953e-01 -1.494387532248130356e+03
9.556370913942631162e-01 -1.494385628889030158e+03
9.576384256170782372e-01 -1.494383410720819029e+03
9.596397598398933582e-01 -1.494382936710850572e+03
9.616410940627084791e-01 -1.494382884746837135e+03
9.636424282855240442e-01 -1.494382878932270160e+03
9.656437625083391652e-01 -1.494382871648257151e+03
9.676450967311542861e-01 -1.494382806353936303e+03
9.696464309539694071e-01 -1.494382392271108529e+03
9.716477651767845281e-01 -1.494381777985280223e+03
9.736490993996000931e-01 -1.494381622544649190e+03
9.756504336224152141e-01 -1.494381604804681729e+03
9.776517678452303350e-01 -1.494381601949373589e+03
9.796531020680454560e-01 -1.494381590604244138e+03
9.816544362908605770e-01 -1.494381481504957947e+03
9.836557705136761420e-01 -1.494380716871842651e+03
9.856571047364912630e-01 -1.494379288935020895e+03
9.876584389593063840e-01 -1.494378854774948650e+03
9.896597731821215049e-01 -1.494378803204712540e+03
9.916611074049366259e-01 -1.494378797270449240e+03
9.936624416277521910e-01 -1.494378788812233779e+03
9.956637758505673119e-01 -1.494378710296225790e+03
9.976651100733824329e-01 -1.494378114536671774e+03
9.996664442961975539e-01 -1.494376733335242989e+03
1.001667778519012675e+00 -1.494376222945572408e+03
1.003669112741828240e+00 -1.494376158919694035e+03
1.005670446964643361e+00 -1.494376151760482117e+03
1.007671781187458482e+00 -1.494376143821235928e+03
1.009673115410273603e+00 -1.494376071095502994e+03
1.011674449633088724e+00 -1.494375483285572045e+03
1.013675783855904289e+00 -1.494373818510800220e+03
1.015677118078719410e+00 -1.494373064978871298e+03
1.017678452301534531e+00 -1.494372964009660791e+03
1.019679786524349652e+00 -1.494372953269523123e+03
1.021681120747164773e+00 -1.494372947270029726e+03
1.023682454969980338e+00 -1.494372897237599318e+03
1.025683789192795459e+00 -1.494372472648315579e+03
1.027685123415610580e+00 -1.494371029503104410e+03
1.029686457638425701e+00 -1.494370225878743440e+03
1.031687791861240822e+00 -1.494370109408252574e+03
1.033689126084056387e+00 -1.494370097473061605e+03
1.035690460306871508e+00 -1.494370096506675281e+03
1.037691794529686629e+00 -1.494370098512524237e+03
1.039693128752501750e+00 -1.494370117255276000e+03
1.041694462975316871e+00 -1.494370192336403079e+03
1.043695797198132436e+00 -1.494370243815616050e+03
1.045697131420947557e+00 -1.494370251797700803e+03
1.047698465643762678e+00 -1.494370250622428102e+03
1.049699799866577798e+00 -1.494370230060485937e+03
1.051701134089392919e+00 -1.494370021905488102e+03
1.053702468312208484e+00 -1.494368124917454679e+03
1.055703802535023605e+00 -1.494359347739022041e+03
1.057705136757838726e+00 -1.494351944372179105e+03
1.059706470980653847e+00 -1.494350629558689889e+03
1.061707805203469412e+00 -1.494350392690337912e+03
1.063709139426284533e+00 -1.494349371749659440e+03
1.065710473649099654e+00 -1.494339188423292399e+03
1.067711807871914775e+00 -1.494244186312545708e+03
1.069713142094729896e+00 -1.493745577408501049e+03
1.071714476317545461e+00 -1.493230639747876467e+03
1.073715810540360582e+00 -1.493128661564953745e+03
1.075717144763175703e+00 -1.493117490674032751e+03
1.077718478985990824e+00 -1.493114699379924787e+03
1.079719813208805945e+00 -1.493097356430574564e+03
1.081721147431621510e+00 -1.492933552167061862e+03
1.083722481654436631e+00 -1.491975532519609715e+03
1.085723815877251752e+00 -1.490771551236657160e+03
1.087725150100066873e+00 -1.490500978620295655e+03
1.089726484322881994e+00 -1.490471052194983258e+03
1.091727818545697559e+00 -1.490468058342976974e+03
1.093729152768512680e+00 -1.490467529367007728e+03
1.095730486991327801e+00 -1.490465212204903764e+03
1.097731821214142922e+00 -1.490450533574822202e+03
1.099733155436958043e+00 -1.490428268504661446e+03
1.101734489659773608e+00 -1.490422538993264880e+03
1.103735823882588729e+00 -1.490421885951880540e+03
1.105737158105403850e+00 -1.490421814837420925e+03
1.107738492328218971e+00 -1.490421746117655857e+03
1.109739826551034092e+00 -1.490421137833150397e+03
1.111741160773849657e+00 -1.490416927648870342e+03
1.113742494996664778e+00 -1.490409289723766506e+03
1.115743829219479899e+00 -1.490407023424965701e+03
1.117745163442295020e+00 -1.490406756037337118e+03
1.119746497665110141e+00 -1.490406726469748719e+03
1.121747831887925706e+00 -1.490406694757364676e+03
1.123749166110740827e+00 -1.490406408470238375e+03
1.125750500333555948e+00 -1.490404294654570776e+03
1.127751834556371069e+00 -1.490399757224101222e+03
1.129753168779186190e+00 -1.490398197186278594e+03
1.131754503002001755e+00 -1.490398005551382084e+03
1.133755837224816876e+00 -1.490397983555402107e+03
1.135757171447631997e+00 -1.490397953464354487e+03
1.137758505670447118e+00 -1.490397674066672607e+03
1.139759839893262239e+00 -1.490395497350398500e+03
1.141761174116077804e+00 -1.490390031521960509e+03
1.143762508338892925e+00 -1.490387847665370145e+03
1.145763842561708046e+00 -1.490387567180795941e+03
1.147765176784523167e+00 -1.490387538252945660e+03
1.149766511007338288e+00 -1.490387529366488934e+03
1.151767845230153853e+00 -1.490387468362445588e+03
1.153769179452968974e+00 -1.490386973547598700e+03
1.155770513675784095e+00 -1.490385537409522158e+03
1.157771847898599216e+00 -1.490384869907104303e+03
1.159773182121414337e+00 -1.490384779788612605e+03
1.161774516344229902e+00 -1.490384771968758287e+03
1.163775850567045023e+00 -1.490384784888167815e+03
1.165777184789860144e+00 -1.490384922981746968e+03
1.167778519012675265e+00 -1.490386090336624420e+03
1.169779853235490386e+00 -1.490389959280859330e+03
1.171781187458305951e+00 -1.490392048898822623e+03
1.173782521681121072e+00 -1.490392338025667641e+03
1.175783855903936193e+00 -1.490392264658328031e+03
1.177785190126751313e+00 -1.490391208143127187e+03
1.179786524349566434e+00 -1.490380580012194741e+03
1.181787858572382000e+00 -1.490288077693548303e+03
1.183789192795197120e+00 -1.489942242438510220e+03
1.185790527018012241e+00 -1.489725468022144469e+03
1.187791861240827362e+00 -1.489692389912059298e+03
1.189793195463642483e+00 -1.489688628001352072e+03
1.191794529686458048e+00 -1.489684772998426070e+03
1.193795863909273169e+00 -1.489649350611438877e+03
1.195797198132088290e+00 -1.489333724069517075e+03
1.197798532354903411e+00 -1.488018423352610625e+03
1.199799866577718532e+00 -1.487065372221351026e+03
1.201801200800534097e+00 -1.486909932583603222e+03
1.203802535023349218e+00 -1.486893683913730911e+03
1.205803869246164339e+00 -1.486891945821463651e+03
1.207805203468979460e+00 -1.486890414842240716e+03
1.209806537691794581e+00 -1.486877898211631191e+03
1.211807871914610146e+00 -1.486820489242910298e+03
1.213809206137425267e+00 -1.486772620753739830e+03
1.215810540360240388e+00 -1.486764232223591307e+03
1.217811874583055509e+00 -1.486763344012030075e+03
1.219813208805870630e+00 -1.486763236597442983e+03
1.221814543028686195e+00 -1.486763027351676783e+03
1.223815877251501316e+00 -1.486761170256486594e+03
1.225817211474316437e+00 -1.486751878197263977e+03
1.227818545697131558e+00 -1.486743010207824909e+03
1.229819879919946679e+00 -1.486741334764516751e+03
1.231821214142762244e+00 -1.486741155467838780e+03
1.233822548365577365e+00 -1.486741137774353774e+03
1.235823882588392486e+00 -1.486741136458302890e+03
1.237825216811207607e+00 -1.486741140265082322e+03
1.239826551034022728e+00 -1.486741161734274556e+03
1.241827885256838293e+00 -1.486741185065924583e+03
1.243829219479653414e+00 -1.486741189905834744e+03
1.245830553702468535e+00 -1.486741191203738936e+03
1.247831887925283656e+00 -1.486741199214641028e+03
1.249833222148098777e+00 -1.486741279815843882e+03
1.251834556370914342e+00 -1.486742044157146665e+03
1.253835890593729463e+00 -1.486746458809304386e+03
1.255837224816544584e+00 -1.486751875081910384e+03
1.257838559039359705e+00 -1.486753074956167893e+03
1.259839893262174826e+00 -1.486753231579581325e+03
1.261841227484990391e+00 -1.486753495721350191e+03
1.263842561707805512e+00 -1.486756041432723805e+03
1.265843895930620633e+00 -1.486780397494530007e+03
1.267845230153435754e+00 -1.486929549019856722e+03
1.269846564376250875e+00 -1.487134872976805127e+03
1.271847898599066440e+00 -1.487184037890384161e+03
1.273849232821881561e+00 -1.487189381686559955e+03
1.275850567044696682e+00 -1.487188211392455059e+03
1.277851901267511803e+00 -1.487170835740322218e+03
1.279853235490326924e+00 -1.487002706917666274e+03
1.281854569713142489e+00 -1.485919230991869654e+03
1.283855903935957610e+00 -1.484257799557491126e+03
1.285857238158772731e+00 -1.483826767908654574e+03
1.287858572381587852e+00 -1.483777568985736252e+03
1.289859906604402973e+00 -1.483772423971403214e+03
1.291861240827218538e+00 -1.483769438247783910e+03
1.293862575050033659e+00 -1.483745072599942205e+03
1.295863909272848780e+00 -1.483581264001324143e+03
1.297865243495663901e+00 -1.483303556666219720e+03
1.299866577718479022e+00 -1.483225612617352454e+03
1.301867911941294587e+00 -1.483216551288121309e+03
1.303869246164109708e+00 -1.483215630717662634e+03
1.305870580386924829e+00 -1.483215377113911472e+03
1.307871914609739949e+00 -1.483213759869300475e+03
1.309873248832555070e+00 -1.483202501013049414e+03
1.311874583055370636e+00 -1.483181557585825203e+03
1.313875917278185756e+00 -1.483175210841192893e+03
1.315877251501000877e+00 -1.483174460380876326e+03
1.317878585723815998e+00 -1.483174402340182041e+03
1.319879919946631119e+00 -1.483174569778755085e+03
1.321881254169446684e+00 -1.483176283281810811e+03
1.323882588392261805e+00 -1.483188684533378819e+03
1.325883922615076926e+00 -1.483213809872143429e+03
1.327885256837892047e+00 -1.483222013222970418e+03
1.329886591060707168e+00 -1.483223047512378798e+03
1.331887925283522733e+00 -1.483223587240634970e+03
1.333889259506337854e+00 -1.483228072800394102e+03
1.335890593729152975e+00 -1.483272124894416720e+03
1.337891927951968096e+00 -1.483600014475161288e+03
1.339893262174783217e+00 -1.484318114345947151e+03
1.341894596397598782e+00 -1.484569599684154582e+03
1.343895930620413903e+00 -1.484600494483045168e+03
1.345897264843229024e+00 -1.484602375817224811e+03
1.347898599066044145e+00 -1.484590111644196895e+03
1.349899933288859266e+00 -1.484466030097690464e+03
1.351901267511674831e+00 -1.483519354478891501e+03
1.353902601734489952e+00 -1.481294484942304734e+03
1.355903935957305073e+00 -1.480461523189854915e+03
1.357905270180120194e+00 -1.480356686135451582e+03
1.359906604402935315e+00 -1.480345690455291333e+03
1.361907938625750880e+00 -1.480340214937929431e+03
1.363909272848566001e+00 -1.480296184586448589e+03
1.365910607071381122e+00 -1.479954021471804481e+03
1.367911941294196243e+00 -1.479097247047202700e+03
1.369913275517011364e+00 -1.478755880244737455e+03
1.371914609739826929e+00 -1.478712082073570627e+03
1.373915943962642050e+00 -1.478707627327753471e+03
1.375917278185457171e+00 -1.478706875903232913e+03
1.377918612408272292e+00 -1.478703693444804003e+03
1.379919946631087413e+00 -1.478678794426864897e+03
1.381921280853902978e+00 -1.478612833595591837e+03
1.383922615076718099e+00 -1.478585001347450088e+03
1.385923949299533220e+00 -1.478581365757366711e+03
1.387925283522348341e+00 -1.478581028624221744e+03
1.389926617745163462e+00 -1.478581310586365589e+03
1.391927951967979027e+00 -1.478584469752627228e+03
1.393929286190794148e+00 -1.478609926516552378e+03
1.395930620413609269e+00 -1.478680817592958874e+03
1.397931954636424390e+00 -1.478712335626568120e+03
1.399933288859239511e+00 -1.478716581243916380e+03
1.401934623082055076e+00 -1.478717534123600217e+03
1.403935957304870197e+00 -1.478722941609600184e+03
1.405937291527685318e+00 -1.478776359272911122e+03
1.407938625750500439e+00 -1.479211756656476609e+03
1.409939959973316004e+00 -1.480477781366444106e+03
1.411941294196131125e+00 -1.481067369086616964e+03
1.413942628418946246e+00 -1.481146996931564445e+03
1.415943962641761367e+00 -1.481153622906164401e+03
1.417945296864576488e+00 -1.481139288613435383e+03
1.419946631087392053e+00 -1.480988537152799154e+03
1.421947965310207174e+00 -1.479746140642379487e+03
1.423949299533022295e+00 -1.475997641746638692e+03
1.425950633755837416e+00 -1.474179356703148187e+03
1.427951967978652537e+00 -1.473929643095495976e+03
1.429953302201468102e+00 -1.473904172077317526e+03
1.431954636424283223e+00 -1.473901406846002828e+03
1.433955970647098344e+00 -1.473898556191009675e+03
1.435957304869913465e+00 -1.473876890632994900e+03
1.437958639092728585e+00 -1.473809549789794801e+03
1.439959973315544151e+00 -1.473775732856276818e+03
1.441961307538359272e+00 -1.473771031987234437e+03
1.443962641761174392e+00 -1.473770596374764864e+03
1.445963975983989513e+00 -1.473771003973356756e+03
1.447965310206804634e+00 -1.473775541346714817e+03
1.449966644429620199e+00 -1.473813527411172572e+03
1.451967978652435320e+00 -1.473934701052980017e+03
1.453969312875250441e+00 -1.473997320235561574e+03
1.455970647098065562e+00 -1.474006207678275359e+03
1.457971981320880683e+00 -1.474007922369986773e+03
1.459973315543696248e+00 -1.474016300369151168e+03
1.461974649766511369e+00 -1.474099129050810916e+03
1.463975983989326490e+00 -1.474795295341619294e+03
1.465977318212141611e+00 -1.477058739515180150e+03
1.467978652434956732e+00 -1.478254465089097039e+03
1.469979986657772297e+00 -1.478423969901809869e+03
1.471981320880587418e+00 -1.478439633377592600e+03
1.473982655103402539e+00 -1.478424012370126093e+03
1.475983989326217660e+00 -1.478250955276192599e+03
1.477985323549032781e+00 -1.476789777419400934e+03
1.479986657771848346e+00 -1.471975030721670919e+03
1.481987991994663467e+00 -1.469391232547827940e+03
1.483989326217478588e+00 -1.469022310726705200e+03
1.485990660440293709e+00 -1.468984539033886449e+03
1.487991994663108830e+00 -1.468981021031419687e+03
1.489993328885924395e+00 -1.468982687060179387e+03
1.491994663108739516e+00 -1.468999817643192500e+03
1.493995997331554637e+00 -1.469056819148417389e+03
1.495997331554369758e+00 -1.469087695852937713e+03
1.497998665777184879e+00 -1.469092164941747797e+03
1.500000000000000000e+00 -1.469093075451288769e+03
