# # hall conductivity
-1.500000000000000000e+00 -3.110724739020338916e+02
-1.497497914929107665e+00 -3.127713881416259483e+02
-1.494995829858215108e+00 -3.129121775027636545e+02
-1.492493744787322774e+00 -3.129185670658326899e+02
-1.489991659716430439e+00 -3.128909157615042886e+02
-1.487489574645537882e+00 -3.124407740300898695e+02
-1.484987489574645547e+00 -3.100940204007166017e+02
-1.482485404503753212e+00 -3.090585100322389280e+02
-1.479983319432860656e+00 -3.089794816686504078e+02
-1.477481234361968321e+00 -3.089775382854210761e+02
-1.474979149291075986e+00 -3.090222858779306989e+02
-1.472477064220183429e+00 -3.097180534591579999e+02
-1.469974979149291094e+00 -3.127101756854816585e+02
-1.467472894078398760e+00 -3.137679473574461326e+02
-1.464970809007506203e+00 -3.138435423830921422e+02
-1.462468723936613868e+00 -3.138478153326520328e+02
-1.459966638865721533e+00 -3.138491158752518686e+02
-1.457464553794828976e+00 -3.138649428998522808e+02
-1.454962468723936642e+00 -3.139203788585774646e+02
-1.452460383653044307e+00 -3.139361861812758434e+02
-1.449958298582151750e+00 -3.139370323685387234e+02
-1.447456213511259415e+00 -3.139330180821251020e+02
-1.444954128440367080e+00 -3.138599390260458790e+02
-1.442452043369474524e+00 -3.128372769219843690e+02
-1.439949958298582189e+00 -3.099444044920430770e+02
-1.437447873227689854e+00 -3.092716455189453200e+02
-1.434945788156797297e+00 -3.092273224024146430e+02
-1.432443703085904962e+00 -3.092099118640563802e+02
-1.429941618015012406e+00 -3.089419642703094837e+02
-1.427439532944120071e+00 -3.054399110158167900e+02
-1.424937447873227736e+00 -2.975110022572929438e+02
-1.422435362802335179e+00 -2.959911427044058314e+02
-1.419933277731442844e+00 -2.958942782812170549e+02
-1.417431192660550510e+00 -2.958516156214848820e+02
-1.414929107589657953e+00 -2.951874732826920535e+02
-1.412427022518765618e+00 -2.871897391515120148e+02
-1.409924937447873283e+00 -2.727891902179133581e+02
-1.407422852376980726e+00 -2.704837128657223957e+02
-1.404920767306088392e+00 -2.703441184912134645e+02
-1.402418682235196057e+00 -2.703398934467326740e+02
-1.399916597164303500e+00 -2.704007552360999966e+02
-1.397414512093411165e+00 -2.710703442295521768e+02
-1.394912427022518830e+00 -2.720247654796449979e+02
-1.392410341951626274e+00 -2.721542518968788045e+02
-1.389908256880733939e+00 -2.721607976684197183e+02
-1.387406171809841604e+00 -2.721405874292182716e+02
-1.384904086738949047e+00 -2.717814967135265078e+02
-1.382402001668056712e+00 -2.682824869976262789e+02
-1.379899916597164378e+00 -2.643462614844366385e+02
-1.377397831526271821e+00 -2.638858755300117878e+02
-1.374895746455379486e+00 -2.638587688309294208e+02
-1.372393661384487151e+00 -2.638519840550577555e+02
-1.369891576313594594e+00 -2.637607604898318527e+02
-1.367389491242702260e+00 -2.629826392600545546e+02
-1.364887406171809925e+00 -2.622926999879233563e+02
-1.362385321100917368e+00 -2.622220211134391548e+02
-1.359883236030025033e+00 -2.622186708849550314e+02
-1.357381150959132698e+00 -2.622313831176082317e+02
-1.354879065888240142e+00 -2.624495049219391944e+02
-1.352376980817347807e+00 -2.640527186355124627e+02
-1.349874895746455472e+00 -2.651734670321089311e+02
-1.347372810675562915e+00 -2.652755578261055120e+02
-1.344870725604670580e+00 -2.652755587723094663e+02
-1.342368640533778246e+00 -2.651703525260243168e+02
-1.339866555462885689e+00 -2.634310068489456285e+02
-1.337364470391993354e+00 -2.526124110087277472e+02
-1.334862385321101019e+00 -2.466379171952099796e+02
-1.332360300250208462e+00 -2.461428459727958966e+02
-1.329858215179316128e+00 -2.461106119675818888e+02
-1.327356130108423571e+00 -2.460304788663432589e+02
-1.324854045037531236e+00 -2.447719964429746824e+02
-1.322351959966638901e+00 -2.382534581472551451e+02
-1.319849874895746566e+00 -2.353991601122141901e+02
-1.317347789824854010e+00 -2.351819960535102609e+02
-1.314845704753961675e+00 -2.351788830524857588e+02
-1.312343619683069118e+00 -2.353421308760899535e+02
-1.309841534612176783e+00 -2.378712560296721108e+02
-1.307339449541284448e+00 -2.486249518398550720e+02
-1.304837364470392114e+00 -2.523796626544892376e+02
-1.302335279399499557e+00 -2.526472059785405122e+02
-1.299833194328607222e+00 -2.526647847431359537e+02
-1.297331109257714665e+00 -2.527138049595636744e+02
-1.294829024186822330e+00 -2.534238288308112317e+02
-1.292326939115929996e+00 -2.558703988510719967e+02
-1.289824854045037661e+00 -2.565567635995599858e+02
-1.287322768974145104e+00 -2.566028439667124985e+02
-1.284820683903252769e+00 -2.566027237934158620e+02
-1.282318598832360212e+00 -2.565546907670806718e+02
-1.279816513761467878e+00 -2.558850558446088712e+02
-1.277314428690575543e+00 -2.540348880039309165e+02
-1.274812343619682986e+00 -2.536137492386593806e+02
-1.272310258548790651e+00 -2.535869987709316433e+02
-1.269808173477898317e+00 -2.535921906801179375e+02
-1.267306088407005760e+00 -2.537114986122991525e+02
-1.264804003336113425e+00 -2.552568426629468092e+02
-1.262301918265221090e+00 -2.586502466527951469e+02
-1.259799833194328533e+00 -2.592845694975781612e+02
-1.257297748123436198e+00 -2.593245639977008068e+02
-1.254795663052543864e+00 -2.593375196168406092e+02
-1.252293577981651307e+00 -2.595286154434908781e+02
-1.249791492910758972e+00 -2.617953253713873778e+02
-1.247289407839866637e+00 -2.657242050545737584e+02
-1.244787322768974080e+00 -2.663357329171537913e+02
-1.242285237698081746e+00 -2.663724464800787928e+02
-1.239783152627189411e+00 -2.663705782909150344e+02
-1.237281067556296854e+00 -2.663021369033830297e+02
-1.234778982485404519e+00 -2.655686536301435012e+02
-1.232276897414512185e+00 -2.645700937008566598e+02
-1.229774812343619628e+00 -2.644383402891670016e+02
-1.227272727272727293e+00 -2.644257942158942569e+02
-1.224770642201834736e+00 -2.643384219573287623e+02
-1.222268557130942401e+00 -2.628294413250876573e+02
-1.219766472060050067e+00 -2.485392742944278552e+02
-1.217264386989157732e+00 -2.333081241465726805e+02
-1.214762301918265175e+00 -2.315821452044710611e+02
-1.212260216847372840e+00 -2.314865371275426469e+02
-1.209758131776480283e+00 -2.315644817165410245e+02
-1.207256046705587949e+00 -2.329907423339725767e+02
-1.204753961634695614e+00 -2.447231806405816030e+02
-1.202251876563803279e+00 -2.545001033886660196e+02
-1.199749791492910722e+00 -2.554716454933052887e+02
-1.197247706422018387e+00 -2.555378801526576353e+02
-1.194745621351125831e+00 -2.557337901460495004e+02
-1.192243536280233496e+00 -2.589660601416072723e+02
-1.189741451209341161e+00 -2.816159745126280995e+02
-1.187239366138448826e+00 -2.963789953965980430e+02
-1.184737281067556269e+00 -2.976866707457122629e+02
-1.182235195996663935e+00 -2.977529271305328393e+02
-1.179733110925771378e+00 -2.976139758911123749e+02
-1.177231025854879043e+00 -2.952776697889776187e+02
-1.174728940783986708e+00 -2.815787885935000645e+02
-1.172226855713094373e+00 -2.745787784221167271e+02
-1.169724770642201817e+00 -2.740151399642968499e+02
-1.167222685571309482e+00 -2.739740569137507578e+02
-1.164720600500416925e+00 -2.738020176978977247e+02
-1.162218515429524590e+00 -2.711097823036278101e+02
-1.159716430358632255e+00 -2.581271327968511287e+02
-1.157214345287739921e+00 -2.529036265783739736e+02
-1.154712260216847364e+00 -2.525162067532988885e+02
-1.152210175145955029e+00 -2.525006605378960955e+02
-1.149708090075062472e+00 -2.526099825752869208e+02
-1.147206005004170137e+00 -2.542850133533641781e+02
-1.144703919933277803e+00 -2.608290139400472754e+02
-1.142201834862385468e+00 -2.629158197240930690e+02
-1.139699749791492911e+00 -2.630614443855068885e+02
-1.137197664720600576e+00 -2.630800531751401650e+02
-1.134695579649708019e+00 -2.632699236329396513e+02
-1.132193494578815685e+00 -2.659923962176533223e+02
-1.129691409507923350e+00 -2.744955607171206680e+02
-1.127189324437030793e+00 -2.766637269402503421e+02
-1.124687239366138458e+00 -2.768046148553667649e+02
-1.122185154295246123e+00 -2.767753379140235666e+02
-1.119683069224353567e+00 -2.761103040465858953e+02
-1.117180984153461232e+00 -2.671631132404224900e+02
-1.114678899082568897e+00 -2.450651374552817003e+02
-1.112176814011676340e+00 -2.405075676063596859e+02
-1.109674728940784005e+00 -2.402199799523798163e+02
-1.107172643869891671e+00 -2.402119648985976141e+02
-1.104670558798999114e+00 -2.403516880813355669e+02
-1.102168473728106779e+00 -2.420924243377565972e+02
-1.099666388657214444e+00 -2.454624348687974873e+02
-1.097164303586321887e+00 -2.460325260115411083e+02
-1.094662218515429553e+00 -2.460688466146341966e+02
-1.092160133444536996e+00 -2.460976014252505593e+02
-1.089658048373644661e+00 -2.465707629044616453e+02
-1.087155963302752326e+00 -2.518689762320465491e+02
-1.084653878231859991e+00 -2.598552347987873077e+02
-1.082151793160967435e+00 -2.609809038095121991e+02
-1.079649708090075100e+00 -2.610449269440264857e+02
-1.077147623019182543e+00 -2.609932086726955731e+02
-1.074645537948290208e+00 -2.600271392172450646e+02
-1.072143452877397873e+00 -2.504278641161313317e+02
-1.069641367806505539e+00 -2.392130822943990438e+02
-1.067139282735612982e+00 -2.378717588908384926e+02
-1.064637197664720647e+00 -2.377985534644934944e+02
-1.062135112593828090e+00 -2.378875876179083093e+02
-1.059633027522935755e+00 -2.394916133878915332e+02
-1.057130942452043421e+00 -2.533375626501920692e+02
-1.054628857381151086e+00 -2.658433019661487151e+02
-1.052126772310258529e+00 -2.671377018180342588e+02
-1.049624687239366194e+00 -2.672156517374139071e+02
-1.047122602168473637e+00 -2.672838227955957677e+02
-1.044620517097581303e+00 -2.683644823436583238e+02
-1.042118432026688968e+00 -2.762966491921954457e+02
-1.039616346955796633e+00 -2.818326993196129706e+02
-1.037114261884904076e+00 -2.823374651130411621e+02
-1.034612176814011741e+00 -2.823530173985665783e+02
-1.032110091743119185e+00 -2.821157179208353227e+02
-1.029608006672226850e+00 -2.781880621796892115e+02
-1.027105921601334515e+00 -2.541590006428113497e+02
-1.024603836530442180e+00 -2.411781685019466295e+02
-1.022101751459549623e+00 -2.401129870835964368e+02
-1.019599666388657289e+00 -2.400700603946880847e+02
-1.017097581317764732e+00 -2.403766166218826754e+02
-1.014595496246872397e+00 -2.453067048700646353e+02
-1.012093411175980062e+00 -2.699604655701302249e+02
-1.009591326105087727e+00 -2.803105490714156645e+02
-1.007089241034195171e+00 -2.810891896971215260e+02
-1.004587155963302836e+00 -2.811333891411223362e+02
-1.002085070892410279e+00 -2.811472944748458644e+02
-9.995829858215179442e-01 -2.813230001365861881e+02
-9.970809007506254984e-01 -2.820282450299773132e+02
-9.945788156797331636e-01 -2.822597176352047654e+02
-9.920767306088407178e-01 -2.822736807974579278e+02
-9.895746455379482720e-01 -2.822334207650421831e+02
-9.870725604670559372e-01 -2.814934027910784380e+02
-9.845704753961634914e-01 -2.708093135404013765e+02
-9.820683903252710456e-01 -2.368524830383623510e+02
-9.795663052543787108e-01 -2.280485745501895281e+02
-9.770642201834862650e-01 -2.274691349095842270e+02
-9.745621351125938192e-01 -2.274918656081491690e+02
-9.720600500417014844e-01 -2.284745946983811393e+02
-9.695579649708090386e-01 -2.417334544821582085e+02
-9.670558798999165928e-01 -2.746599576196960584e+02
-9.645537948290242580e-01 -2.814827358636700296e+02
-9.620517097581318122e-01 -2.819124744137691891e+02
-9.595496246872393664e-01 -2.819033849324378593e+02
-9.570475396163470316e-01 -2.813190752591374348e+02
-9.545454545454545858e-01 -2.740890782140076567e+02
-9.520433694745621400e-01 -2.602003335869025591e+02
-9.495412844036696942e-01 -2.578650465746777058e+02
-9.470391993327773594e-01 -2.577208879235874974e+02
-9.445371142618849136e-01 -2.576851657428489375e+02
-9.420350291909924678e-01 -2.571940852477692374e+02
-9.395329441201001330e-01 -2.517510950354221677e+02
-9.370308590492076872e-01 -2.437239757807109868e+02
-9.345287739783152414e-01 -2.426094521161155342e+02
-9.320266889074229066e-01 -2.425491394445297715e+02
-9.295246038365304608e-01 -2.426541481376000888e+02
-9.270225187656380150e-01 -2.445452631460150599e+02
-9.245204336947456802e-01 -2.629857470371670161e+02
-9.220183486238532344e-01 -2.837576534996069881e+02
-9.195162635529607886e-01 -2.861883577378132486e+02
-9.170141784820684538e-01 -2.863188457362229542e+02
-9.145120934111760080e-01 -2.861242151492691050e+02
-9.120100083402835622e-01 -2.826575265989737886e+02
-9.095079232693912274e-01 -2.536325737588885829e+02
-9.070058381984987816e-01 -2.287282218871513351e+02
-9.045037531276063358e-01 -2.262185963593684903e+02
-9.020016680567140011e-01 -2.260813485713679825e+02
-8.994995829858215552e-01 -2.261952392583343681e+02
-8.969974979149291094e-01 -2.282366202346637181e+02
-8.944954128440367747e-01 -2.425698376059128236e+02
-8.919933277731443289e-01 -2.519353957480250585e+02
-8.894912427022518830e-01 -2.527660220248826590e+02
-8.869891576313594372e-01 -2.528110096883179665e+02
-8.844870725604671025e-01 -2.527754349586499814e+02
-8.819849874895746566e-01 -2.521539769051303210e+02
-8.794829024186822108e-01 -2.485777070154830426e+02
-8.769808173477898761e-01 -2.467939964083272741e+02
-8.744787322768974303e-01 -2.466516751724169012e+02
-8.719766472060049844e-01 -2.466421738615240145e+02
-8.694745621351126497e-01 -2.466144737955697792e+02
-8.669724770642202039e-01 -2.461869807300498394e+02
-8.644703919933277581e-01 -2.442135006454568611e+02
-8.619683069224354233e-01 -2.434582971561878253e+02
-8.594662218515429775e-01 -2.434034518836343466e+02
-8.569641367806505317e-01 -2.434071774305081419e+02
-8.544620517097581969e-01 -2.435296878749616383e+02
-8.519599666388657511e-01 -2.453595731421578137e+02
-8.494578815679733053e-01 -2.520127593158301238e+02
-8.469557964970809705e-01 -2.539825185420621949e+02
-8.444537114261885247e-01 -2.541156725401547760e+02
-8.419516263552960789e-01 -2.541006535202264160e+02
-8.394495412844037441e-01 -2.536976913429280103e+02
-8.369474562135112983e-01 -2.480590964661752196e+02
-8.344453711426188525e-01 -2.321680322430896126e+02
-8.319432860717265177e-01 -2.284853011859756293e+02
-8.294412010008340719e-01 -2.282494942980887629e+02
-8.269391159299416261e-01 -2.282759390439254048e+02
-8.244370308590491803e-01 -2.289816490070244015e+02
-8.219349457881568455e-01 -2.380695656331856753e+02
-8.194328607172643997e-01 -2.576682911816557748e+02
-8.169307756463719539e-01 -2.612780252804207066e+02
-8.144286905754796191e-01 -2.614969210638307686e+02
-8.119266055045871733e-01 -2.614216392730075427e+02
-8.094245204336947275e-01 -2.598727905352816947e+02
-8.069224353628023927e-01 -2.419152133622922349e+02
-8.044203502919099469e-01 -2.125725768519598375e+02
-8.019182652210175011e-01 -2.081962218010486367e+02
-7.994161801501251663e-01 -2.079373615773352810e+02
-7.969140950792327205e-01 -2.079928478035341186e+02
-7.944120100083402747e-01 -2.092150547471691482e+02
-7.919099249374479399e-01 -2.216788350540036276e+02
-7.894078398665554941e-01 -2.370027724331638126e+02
-7.869057547956630483e-01 -2.388938092524202830e+02
-7.844036697247707135e-01 -2.390001515855973366e+02
-7.819015846538782677e-01 -2.389245983189858862e+02
-7.793994995829858219e-01 -2.375198295646487452e+02
-7.768974145120934871e-01 -2.252513400034664528e+02
-7.743953294412010413e-01 -2.139478852025851836e+02
-7.718932443703085955e-01 -2.127663898400535061e+02
-7.693911592994162607e-01 -2.127093965756582747e+02
-7.668890742285238149e-01 -2.129063210995778377e+02
-7.643869891576313691e-01 -2.162860387890392531e+02
-7.618849040867389233e-01 -2.409020261233094686e+02
-7.593828190158465885e-01 -2.578782357903083948e+02
-7.568807339449541427e-01 -2.594196382174030191e+02
-7.543786488740616969e-01 -2.594997861786281419e+02
-7.518765638031693621e-01 -2.593698368118599547e+02
-7.493744787322769163e-01 -2.571653925550999134e+02
-7.468723936613844705e-01 -2.441179276098919502e+02
-7.443703085904921357e-01 -2.373696608927059799e+02
-7.418682235195996899e-01 -2.368251571604714911e+02
-7.393661384487072441e-01 -2.368088580286706701e+02
-7.368640533778149093e-01 -2.370670989658103167e+02
-7.343619683069224635e-01 -2.411554241929902389e+02
-7.318598832360300177e-01 -2.603441504207808634e+02
-7.293577981651376829e-01 -2.678269052647096373e+02
-7.268557130942452371e-01 -2.683765044083099269e+02
-7.243536280233527913e-01 -2.683963063384496763e+02
-7.218515429524604565e-01 -2.682010587042509542e+02
-7.193494578815680107e-01 -2.652623037321521906e+02
-7.168473728106755649e-01 -2.545555088639401333e+02
-7.143452877397832301e-01 -2.513790540859214104e+02
-7.118432026688907843e-01 -2.511634410998468638e+02
-7.093411175979983385e-01 -2.511734157157464438e+02
-7.068390325271060037e-01 -2.515676927120025823e+02
-7.043369474562135579e-01 -2.570656181216281198e+02
-7.018348623853211121e-01 -2.723350847351339326e+02
-6.993327773144286663e-01 -2.758271778159358973e+02
-6.968306922435363315e-01 -2.760512622359618717e+02
-6.943286071726438857e-01 -2.760458924933407161e+02
-6.918265221017514399e-01 -2.757289750208665282e+02
-6.893244370308591051e-01 -2.716893687259993726e+02
-6.868223519599666593e-01 -2.632595092642516761e+02
-6.843202668890742135e-01 -2.617473588897527179e+02
-6.818181818181818787e-01 -2.616560685578473340e+02
-6.793160967472894329e-01 -2.616876907351747263e+02
-6.768140116763969871e-01 -2.623364164829267793e+02
-6.743119266055046523e-01 -2.696951738563969343e+02
-6.718098415346122065e-01 -2.811087398296187416e+02
-6.693077564637197607e-01 -2.827496788999296200e+02
-6.668056713928274259e-01 -2.828459322874110740e+02
-6.643035863219349801e-01 -2.828192724162504419e+02
-6.618015012510425343e-01 -2.822610870551060316e+02
-6.592994161801501996e-01 -2.767712500213721114e+02
-6.567973311092577537e-01 -2.704887960942206746e+02
-6.542952460383653079e-01 -2.697467280591176291e+02
-6.517931609674729732e-01 -2.697074937681050528e+02
-6.492910758965805273e-01 -2.697787101979192244e+02
-6.467889908256880815e-01 -2.710374484051167769e+02
-6.442869057547957468e-01 -2.814496816417261016e+02
-6.417848206839033010e-01 -2.902075025022972454e+02
-6.392827356130108551e-01 -2.910811811657553676e+02
-6.367806505421185204e-01 -2.911287033380140201e+02
-6.342785654712260746e-01 -2.910852522986212421e+02
-6.317764804003336288e-01 -2.903149414669356929e+02
-6.292743953294411829e-01 -2.851131486727117021e+02
-6.267723102585488482e-01 -2.818982433314905052e+02
-6.242702251876564024e-01 -2.816203737706804304e+02
-6.217681401167639565e-01 -2.816168684828944606e+02
-6.192660550458716218e-01 -2.818378709362848440e+02
-6.167639699749791760e-01 -2.854097798235687264e+02
-6.142618849040867302e-01 -3.045319398140575231e+02
-6.117597998331943954e-01 -3.132470759857151279e+02
-6.092577147623019496e-01 -3.139199099158954027e+02
-6.067556296914095038e-01 -3.139455761362326598e+02
-6.042535446205171690e-01 -3.137293949298335178e+02
-6.017514595496247232e-01 -3.103811818587881248e+02
-5.992493744787322774e-01 -2.965365021678502444e+02
-5.967472894078399426e-01 -2.918469089394467346e+02
-5.942452043369474968e-01 -2.915172579793846808e+02
-5.917431192660550510e-01 -2.915274142538862066e+02
-5.892410341951627162e-01 -2.920405058845239523e+02
-5.867389491242702704e-01 -2.994286999220705070e+02
-5.842368640533778246e-01 -3.224995591405404411e+02
-5.817347789824854898e-01 -3.283811741503495227e+02
-5.792326939115930440e-01 -3.287669947289049333e+02
-5.767306088407005982e-01 -3.287543189710085016e+02
-5.742285237698082634e-01 -3.281451921896139083e+02
-5.717264386989158176e-01 -3.201055516563354217e+02
-5.692243536280233718e-01 -3.014875704984485196e+02
-5.667222685571309260e-01 -2.978516123347184248e+02
-5.642201834862385912e-01 -2.976261908138542935e+02
-5.617180984153461454e-01 -2.976527373109246355e+02
-5.592160133444536996e-01 -2.983446082700441480e+02
-5.567139282735613648e-01 -3.064892650139732382e+02
-5.542118432026689190e-01 -3.202850688044999288e+02
-5.517097581317764732e-01 -3.223964427906520314e+02
-5.492076730608841384e-01 -3.225194172548501683e+02
-5.467055879899916926e-01 -3.224494151327368172e+02
-5.442035029190992468e-01 -3.211036829148765150e+02
-5.417014178482069120e-01 -3.073974371268723758e+02
-5.391993327773144662e-01 -2.905764662731718317e+02
-5.366972477064220204e-01 -2.885028672941990635e+02
-5.341951626355296856e-01 -2.883835023066487224e+02
-5.316930775646372398e-01 -2.884157875909652944e+02
-5.291909924937447940e-01 -2.890843075150309005e+02
-5.266889074228524592e-01 -2.947865549119587172e+02
-5.241868223519600134e-01 -2.998303009448612784e+02
-5.216847372810675676e-01 -3.003462737282142143e+02
-5.191826522101752328e-01 -3.003694999576000555e+02
-5.166805671392827870e-01 -3.002543952259151183e+02
-5.141784820683903412e-01 -2.983022687066458616e+02
-5.116763969974980064e-01 -2.848398597560117764e+02
-5.091743119266055606e-01 -2.762657446627932813e+02
-5.066722268557131148e-01 -2.755136065586715404e+02
-5.041701417848206690e-01 -2.754734551956474888e+02
-5.016680567139283342e-01 -2.755155554789199073e+02
-4.991659716430358884e-01 -2.762318493491524691e+02
-4.966638865721435536e-01 -2.800979431351721018e+02
-4.941618015012509968e-01 -2.818773937565901520e+02
-4.916597164303586620e-01 -2.820156984295713301e+02
-4.891576313594663272e-01 -2.820295259466732887e+02
-4.866555462885737704e-01 -2.821398880847738155e+02
-4.841534612176814356e-01 -2.838234255074507928e+02
-4.816513761467891008e-01 -2.907235255043905227e+02
-4.791492910758965440e-01 -2.930387951308043739e+02
-4.766472060050042092e-01 -2.932011527329281080e+02
-4.741451209341118744e-01 -2.931965619601309641e+02
-4.716430358632193176e-01 -2.929514280013695497e+02
-4.691409507923269828e-01 -2.894476404635494760e+02
-4.666388657214346480e-01 -2.788128178705615596e+02
-4.641367806505420912e-01 -2.761733986003267773e+02
-4.616346955796497564e-01 -2.760016785070446872e+02
-4.591326105087574216e-01 -2.760151562687499336e+02
-4.566305254378648648e-01 -2.764260831362007025e+02
-4.541284403669725300e-01 -2.817575731118185445e+02
-4.516263552960801952e-01 -2.935029221435931390e+02
-4.491242702251876384e-01 -2.957040682958947286e+02
-4.466221851542953036e-01 -2.958392350345904447e+02
-4.441201000834029688e-01 -2.958170062821519650e+02
-4.416180150125104120e-01 -2.952914629062784115e+02
-4.391159299416180772e-01 -2.892881347231344762e+02
-4.366138448707257425e-01 -2.798298300286297149e+02
-4.341117597998331856e-01 -2.784550512903032882e+02
-4.316096747289408508e-01 -2.783743345974596082e+02
-4.291075896580485161e-01 -2.783974767498452252e+02
-4.266055045871559592e-01 -2.788786802880678124e+02
-4.241034195162636244e-01 -2.835501620118133701e+02
-4.216013344453712897e-01 -2.887634258033252763e+02
-4.190992493744787328e-01 -2.893702168925942146e+02
-4.165971643035863980e-01 -2.894044184585083599e+02
-4.140950792326940633e-01 -2.893858952647268552e+02
-4.115929941618015064e-01 -2.890375999235727136e+02
-4.090909090909091717e-01 -2.862723593659409858e+02
-4.065888240200166148e-01 -2.840962809635807389e+02
-4.040867389491242800e-01 -2.838859790370868836e+02
-4.015846538782319453e-01 -2.838705354719901379e+02
-3.990825688073393884e-01 -2.838074665547956670e+02
-3.965804837364470536e-01 -2.827781171414587220e+02
-3.940783986655547189e-01 -2.763490261005299544e+02
-3.915763135946621620e-01 -2.727786329838947950e+02
-3.890742285237698272e-01 -2.724824776234776209e+02
-3.865721434528774925e-01 -2.724694703476341147e+02
-3.840700583819849356e-01 -2.725354594257164536e+02
-3.815679733110926009e-01 -2.735897703509111807e+02
-3.790658882402002661e-01 -2.785884620100015354e+02
-3.765638031693077092e-01 -2.805604108986178176e+02
-3.740617180984153745e-01 -2.807054929760722075e+02
-3.715596330275230397e-01 -2.807059166610134753e+02
-3.690575479566304828e-01 -2.805676111953243890e+02
-3.665554628857381481e-01 -2.785180823985058964e+02
-3.640533778148458133e-01 -2.713701901000663383e+02
-3.615512927439532564e-01 -2.693408444269226152e+02
-3.590492076730609217e-01 -2.692043646446147704e+02
-3.565471226021685869e-01 -2.692073992974854946e+02
-3.540450375312760301e-01 -2.693974653454289410e+02
-3.515429524603836953e-01 -2.719685086052465977e+02
-3.490408673894913605e-01 -2.783995097878448064e+02
-3.465387823185988037e-01 -2.797404254428006993e+02
-3.440366972477064689e-01 -2.798255496965025486e+02
-3.415346121768141341e-01 -2.798341689980138085e+02
-3.390325271059215773e-01 -2.799039874561325405e+02
-3.365304420350292425e-01 -2.807346699890215405e+02
-3.340283569641369077e-01 -2.821968788291783312e+02
-3.315262718932443509e-01 -2.824269911665915060e+02
-3.290241868223520161e-01 -2.824393617493627175e+02
-3.265221017514596813e-01 -2.824118782170527879e+02
-3.240200166805671245e-01 -2.819181993148743004e+02
-3.215179316096747897e-01 -2.768992247482040625e+02
-3.190158465387824549e-01 -2.707598691560191355e+02
-3.165137614678898981e-01 -2.700046535740858076e+02
-3.140116763969975633e-01 -2.699626197703876187e+02
-3.115095913261052285e-01 -2.700004313365430448e+02
-3.090075062552126717e-01 -2.706888993431783206e+02
-3.065054211843203369e-01 -2.763984639011616764e+02
-3.040033361134280021e-01 -2.812203595803779308e+02
-3.015012510425354453e-01 -2.817023810991264554e+02
-2.989991659716431105e-01 -2.817287351440168095e+02
-2.964970809007507757e-01 -2.817071362330859756e+02
-2.939949958298582189e-01 -2.813239742295905330e+02
-2.914929107589658841e-01 -2.788430765939186244e+02
-2.889908256880735493e-01 -2.773968491153457308e+02
-2.864887406171809925e-01 -2.772743182250376321e+02
-2.839866555462886577e-01 -2.772641398510270960e+02
-2.814845704753961009e-01 -2.772046143525525395e+02
-2.789824854045037661e-01 -2.762686290042889823e+02
-2.764804003336114313e-01 -2.717291731583806609e+02
-2.739783152627188745e-01 -2.698905825416954940e+02
-2.714762301918265397e-01 -2.697540045383206575e+02
-2.689741451209342049e-01 -2.697497565884919482e+02
-2.664720600500416481e-01 -2.698105187506642437e+02
-2.639699749791493133e-01 -2.707153901580010711e+02
-2.614678899082569785e-01 -2.738882626710133650e+02
-2.589658048373644217e-01 -2.747939213219736416e+02
-2.564637197664720869e-01 -2.748549129511635556e+02
-2.539616346955797521e-01 -2.748536633971876881e+02
-2.514595496246871953e-01 -2.747706612028877089e+02
-2.489574645537948605e-01 -2.736530713846866547e+02
-2.464553794829025257e-01 -2.708997427612516731e+02
-2.439532944120099689e-01 -2.703330954166591482e+02
-2.414512093411176341e-01 -2.702970677181187966e+02
-2.389491242702252993e-01 -2.702908520488877002e+02
-2.364470391993327425e-01 -2.702157381251382731e+02
-2.339449541284404077e-01 -2.693333658864239055e+02
-2.314428690575480729e-01 -2.678375852163903801e+02
-2.289407839866555161e-01 -2.676085276350651725e+02
-2.264386989157631813e-01 -2.675951140814590872e+02
-2.239366138448708465e-01 -2.676014065373399831e+02
-2.214345287739782897e-01 -2.677242661277758202e+02
-2.189324437030859549e-01 -2.689359460271219859e+02
-2.164303586321936201e-01 -2.703305586530785263e+02
-2.139282735613010633e-01 -2.704958684515859204e+02
-2.114261884904087285e-01 -2.705048833607834808e+02
-2.089241034195163937e-01 -2.704939634133062327e+02
-2.064220183486238369e-01 -2.702992603279561763e+02
-2.039199332777315021e-01 -2.687663135343130421e+02
-2.014178482068391673e-01 -2.675755369655713594e+02
-1.989157631359466105e-01 -2.674612519231361603e+02
-1.964136780650542757e-01 -2.674542969227937874e+02
-1.939115929941619410e-01 -2.674461070034813588e+02
-1.914095079232693841e-01 -2.673177369711617644e+02
-1.889074228523770493e-01 -2.665493198569635069e+02
-1.864053377814847146e-01 -2.661458606237116555e+02
-1.839032527105921577e-01 -2.661132144162152144e+02
-1.814011676396998229e-01 -2.661138857042246286e+02
-1.788990825688074882e-01 -2.661592398199032345e+02
-1.763969974979149313e-01 -2.668639574442199205e+02
-1.738949124270225965e-01 -2.699326996409924391e+02
-1.713928273561302618e-01 -2.710326098764686549e+02
-1.688907422852377049e-01 -2.711114267942083984e+02
-1.663886572143453701e-01 -2.711141504760095131e+02
-1.638865721434530354e-01 -2.710842812542614979e+02
-1.613844870725604785e-01 -2.706541755619952028e+02
-1.588824020016681438e-01 -2.693416961429118146e+02
-1.563803169307758090e-01 -2.690142901856810340e+02
-1.538782318598832521e-01 -2.689924078167705943e+02
-1.513761467889909174e-01 -2.689838672020117087e+02
-1.488740617180983605e-01 -2.688528755886657677e+02
-1.463719766472060257e-01 -2.671899235561618298e+02
-1.438698915763136910e-01 -2.637335991288859418e+02
-1.413678065054211341e-01 -2.631155770052291700e+02
-1.388657214345287993e-01 -2.630782228555185611e+02
-1.363636363636364646e-01 -2.630899929026480777e+02
-1.338615512927439077e-01 -2.633336952001898794e+02
-1.313594662218515730e-01 -2.659663392202078285e+02
-1.288573811509592382e-01 -2.696220703181606950e+02
-1.263552960800666813e-01 -2.701097536404680568e+02
-1.238532110091743466e-01 -2.701384311609539850e+02
-1.213511259382820118e-01 -2.701369013664665886e+02
-1.188490408673894549e-01 -2.700833388558303341e+02
-1.163469557964971202e-01 -2.696158834541186025e+02
-1.138448707256047854e-01 -2.691867321223974727e+02
-1.113427856547122285e-01 -2.691418351835516205e+02
-1.088407005838198938e-01 -2.691373837255459875e+02
-1.063386155129275590e-01 -2.691032511835798005e+02
-1.038365304420350022e-01 -2.685375316558958048e+02
-1.013344453711426674e-01 -2.647718815330435405e+02
-9.883236030025033259e-02 -2.624903852672438234e+02
-9.633027522935777576e-02 -2.622944967602358020e+02
-9.382819015846544097e-02 -2.622864350686202215e+02
-9.132610508757310619e-02 -2.623404929437420492e+02
-8.882402001668054936e-02 -2.632048334691219225e+02
-8.632193494578821458e-02 -2.673783456249310007e+02
-8.381984987489587979e-02 -2.690599458909291002e+02
-8.131776480400332296e-02 -2.691847756671268144e+02
-7.881567973311098818e-02 -2.691907513359250288e+02
-7.631359466221865340e-02 -2.691730532855587512e+02
-7.381150959132609657e-02 -2.689085599332693164e+02
-7.130942452043376178e-02 -2.680222247524645240e+02
-6.880733944954142700e-02 -2.677803315797760320e+02
-6.630525437864887017e-02 -2.677639394377051758e+02
-6.380316930775653539e-02 -2.677593078469881220e+02
-6.130108423686420061e-02 -2.676926235803931036e+02
-5.879899916597164378e-02 -2.668233936023930823e+02
-5.629691409507930899e-02 -2.648698011962629835e+02
-5.379482902418697421e-02 -2.644975885619369933e+02
-5.129274395329441738e-02 -2.644738829960427324e+02
-4.879065888240208260e-02 -2.644633027242124399e+02
-4.628857381150974781e-02 -2.642994343176973757e+02
-4.378648874061719098e-02 -2.624834711489016286e+02
-4.128440366972485620e-02 -2.598090890946182299e+02
-3.878231859883252142e-02 -2.594380308526624503e+02
-3.628023352793996459e-02 -2.594163709045163273e+02
-3.377814845704762980e-02 -2.594224417380920045e+02
-3.127606338615529502e-02 -2.595480135084659423e+02
-2.877397831526273819e-02 -2.606662754960709663e+02
-2.627189324437040341e-02 -2.617315736018079519e+02
-2.376980817347784658e-02 -2.618449673952985677e+02
-2.126772310258551180e-02 -2.618511192902196854e+02
-1.876563803169317701e-02 -2.618444312903623654e+02
-1.626355296080062018e-02 -2.617269918894778584e+02
-1.376146788990828540e-02 -2.609371058980022440e+02
-1.125938281901595062e-02 -2.604516364857211670e+02
-8.757297748123393788e-03 -2.604095699959415242e+02
-6.255212677231059004e-03 -2.604053125596728364e+02
-3.753127606338724220e-03 -2.603711131357863451e+02
-1.251042535446167392e-03 -2.598330712224355921e+02
1.251042535446167392e-03 -2.572524825891623550e+02
3.753127606338502176e-03 -2.562207071256366362e+02
6.255212677231059004e-03 -2.561442585137365313e+02
8.757297748123393788e-03 -2.561398888469370263e+02
1.125938281901572857e-02 -2.561378987473960365e+02
1.376146788990828540e-02 -2.561123804761596716e+02
1.626355296080062018e-02 -2.560292775246748533e+02
1.876563803169295497e-02 -2.560072114535651622e+02
2.126772310258551180e-02 -2.560057794586156774e+02
2.376980817347784658e-02 -2.560063491772085627e+02
2.627189324437018136e-02 -2.560179510751801217e+02
2.877397831526273819e-02 -2.561667125537431389e+02
3.127606338615507298e-02 -2.564840951902392590e+02
3.377814845704740776e-02 -2.565420451933758841e+02
3.628023352793996459e-02 -2.565455342494698243e+02
3.878231859883229937e-02 -2.565439619633600614e+02
4.128440366972463416e-02 -2.565128858189454490e+02
4.378648874061719098e-02 -2.561800132461224848e+02
4.628857381150952577e-02 -2.557260981928123158e+02
4.879065888240186055e-02 -2.556662251501274739e+02
5.129274395329441738e-02 -2.556620371567326515e+02
5.379482902418675216e-02 -2.556499637990366693e+02
5.629691409507908695e-02 -2.554464431288815547e+02
5.879899916597164378e-02 -2.537391062964125297e+02
6.130108423686397856e-02 -2.522689366560212250e+02
6.380316930775631334e-02 -2.521204977127237896e+02
6.630525437864887017e-02 -2.521119990199249514e+02
6.880733944954120496e-02 -2.521118288099051199e+02
7.130942452043353974e-02 -2.521167040044166470e+02
7.381150959132609657e-02 -2.521468325429535184e+02
7.631359466221843135e-02 -2.521632164718893421e+02
7.881567973311076614e-02 -2.521645855683403568e+02
8.131776480400332296e-02 -2.521650304732314964e+02
8.381984987489565775e-02 -2.521716963173467718e+02
8.632193494578799253e-02 -2.522744125856471840e+02
8.882402001668054936e-02 -2.527096773230366011e+02
9.132610508757288414e-02 -2.528610929482911445e+02
9.382819015846521893e-02 -2.528718614618296954e+02
9.633027522935777576e-02 -2.528723927616499054e+02
9.883236030025011054e-02 -2.528711887793606081e+02
1.013344453711426674e-01 -2.528539665827424017e+02
1.038365304420350022e-01 -2.528060843737731318e+02
1.063386155129273369e-01 -2.527951212419754654e+02
1.088407005838198938e-01 -2.527943615848090531e+02
1.113427856547122285e-01 -2.527933543062003423e+02
1.138448707256045633e-01 -2.527761906513612189e+02
1.163469557964971202e-01 -2.525712230872980228e+02
1.188490408673894549e-01 -2.522102789188034819e+02
1.213511259382817897e-01 -2.521534066111276786e+02
1.238532110091743466e-01 -2.521493783949286183e+02
1.263552960800666813e-01 -2.521384540482240482e+02
1.288573811509590161e-01 -2.519518898946311367e+02
1.313594662218515730e-01 -2.501616494325563735e+02
1.338615512927439077e-01 -2.482054133960824913e+02
1.363636363636362425e-01 -2.479805112923041293e+02
1.388657214345287993e-01 -2.479678862465713962e+02
1.413678065054211341e-01 -2.479753623454098204e+02
1.438698915763134689e-01 -2.481130785358492972e+02
1.463719766472060257e-01 -2.491004018756908636e+02
1.488740617180983605e-01 -2.497653749792914937e+02
1.513761467889906953e-01 -2.498251420475682778e+02
1.538782318598832521e-01 -2.498285622627815314e+02
1.563803169307755869e-01 -2.498292609405227722e+02
1.588824020016679217e-01 -2.498374190457948316e+02
1.613844870725604785e-01 -2.498780395977268824e+02
1.638865721434528133e-01 -2.498950312962090266e+02
1.663886572143451481e-01 -2.498963035546445894e+02
1.688907422852377049e-01 -2.498962922608859287e+02
1.713928273561300397e-01 -2.498948082354693554e+02
1.738949124270223745e-01 -2.498731801294541697e+02
1.763969974979149313e-01 -2.498025583397506182e+02
1.788990825688072661e-01 -2.497837611980600059e+02
1.814011676396996009e-01 -2.497824316343819362e+02
1.839032527105921577e-01 -2.497809219874387736e+02
1.864053377814844925e-01 -2.497552741885385217e+02
1.889074228523768273e-01 -2.494313546024435198e+02
1.914095079232693841e-01 -2.487685884990762872e+02
1.939115929941617189e-01 -2.486515173202889173e+02
1.964136780650540537e-01 -2.486439419999548761e+02
1.989157631359466105e-01 -2.486367919588384723e+02
2.014178482068389453e-01 -2.485186578086267843e+02
2.039199332777312801e-01 -2.473063724642346983e+02
2.064220183486238369e-01 -2.457941575102543936e+02
2.089241034195161717e-01 -2.456058413396224296e+02
2.114261884904085065e-01 -2.455949757074927504e+02
2.139282735613010633e-01 -2.455976801108708116e+02
2.164303586321933981e-01 -2.456538383786835880e+02
2.189324437030857329e-01 -2.460870710920888769e+02
2.214345287739782897e-01 -2.464128279881538788e+02
2.239366138448706245e-01 -2.464436087108976494e+02
2.264386989157629593e-01 -2.464453896374268425e+02
2.289407839866555161e-01 -2.464459620543109111e+02
2.314428690575478509e-01 -2.464536300673025835e+02
2.339449541284404077e-01 -2.464946304589107910e+02
2.364470391993327425e-01 -2.465133047442042482e+02
2.389491242702250773e-01 -2.465147483135158950e+02
2.414512093411176341e-01 -2.465148431115084406e+02
2.439532944120099689e-01 -2.465150980893157566e+02
2.464553794829023037e-01 -2.465187941262213656e+02
2.489574645537948605e-01 -2.465316105663875703e+02
2.514595496246871953e-01 -2.465352284165258823e+02
2.539616346955795301e-01 -2.465354646587882712e+02
2.564637197664720869e-01 -2.465353359180146242e+02
2.589658048373644217e-01 -2.465328002494494797e+02
2.614678899082567565e-01 -2.465002744296635058e+02
2.639699749791493133e-01 -2.464307802295850536e+02
2.664720600500416481e-01 -2.464180567653914409e+02
2.689741451209339829e-01 -2.464169219653393554e+02
2.714762301918265397e-01 -2.464105369055012602e+02
2.739783152627188745e-01 -2.462994944571978237e+02
2.764804003336112093e-01 -2.451473628627523453e+02
2.789824854045037661e-01 -2.436776642520319740e+02
2.814845704753961009e-01 -2.434920387262944530e+02
2.839866555462884357e-01 -2.434810333128412481e+02
2.864887406171809925e-01 -2.434786510072964347e+02
2.889908256880733273e-01 -2.434483904058497217e+02
2.914929107589656621e-01 -2.432153519523251930e+02
2.939949958298582189e-01 -2.430401474276758620e+02
2.964970809007505537e-01 -2.430235935784420462e+02
2.989991659716428885e-01 -2.430226413520645963e+02
3.015012510425354453e-01 -2.430224343405444642e+02
3.040033361134277801e-01 -2.430199412763772671e+02
3.065054211843201148e-01 -2.430068541193710132e+02
3.090075062552126717e-01 -2.430010225334553695e+02
3.115095913261050065e-01 -2.430005736742647855e+02
3.140116763969973412e-01 -2.430005194901879406e+02
3.165137614678898981e-01 -2.429999940708638064e+02
3.190158465387822329e-01 -2.429923402371691736e+02
3.215179316096745676e-01 -2.429668649349176803e+02
3.240200166805671245e-01 -2.429599578274311682e+02
3.265221017514594593e-01 -2.429594918735799070e+02
3.290241868223517940e-01 -2.429593857039930072e+02
3.315262718932443509e-01 -2.429579508502113470e+02
3.340283569641366856e-01 -2.429399942098303598e+02
3.365304420350290204e-01 -2.429040988253875355e+02
3.390325271059215773e-01 -2.428978732840649002e+02
3.415346121768139120e-01 -2.428974725837635731e+02
3.440366972477062468e-01 -2.428971112766256226e+02
3.465387823185988037e-01 -2.428911785594558523e+02
3.490408673894911384e-01 -2.428323726165985477e+02
3.515429524603834732e-01 -2.427639454743190583e+02
3.540450375312760301e-01 -2.427557729752868170e+02
3.565471226021683648e-01 -2.427551768036981628e+02
3.590492076730609217e-01 -2.427529818203387322e+02
3.615512927439532564e-01 -2.427165414566676702e+02
3.640533778148455912e-01 -2.424562173315732707e+02
3.665554628857381481e-01 -2.422817114180987517e+02
3.690575479566304828e-01 -2.422659887588926892e+02
3.715596330275228176e-01 -2.422637968621937148e+02
3.740617180984153745e-01 -2.422401743871983228e+02
3.765638031693077092e-01 -2.418693081229841937e+02
3.790658882402000440e-01 -2.401269695610700978e+02
3.815679733110926009e-01 -2.394467650878863196e+02
3.840700583819849356e-01 -2.393967297520933073e+02
3.865721434528772704e-01 -2.393938643761002538e+02
3.890742285237698272e-01 -2.393924401095860048e+02
3.915763135946621620e-01 -2.393745792137835906e+02
3.940783986655544968e-01 -2.393233753032108666e+02
3.965804837364470536e-01 -2.393113168691187411e+02
3.990825688073393884e-01 -2.393105321793913731e+02
4.015846538782317232e-01 -2.393104346808572132e+02
4.040867389491242800e-01 -2.393094731688019579e+02
4.065888240200166148e-01 -2.392982709347957950e+02
4.090909090909089496e-01 -2.392796169864939770e+02
4.115929941618015064e-01 -2.392767964244483494e+02
4.140950792326938412e-01 -2.392766214690636843e+02
4.165971643035861760e-01 -2.392765148620389084e+02
4.190992493744787328e-01 -2.392748383719443268e+02
4.216013344453710676e-01 -2.392600149368682025e+02
4.241034195162634024e-01 -2.392460488322975323e+02
4.266055045871559592e-01 -2.392445704140861835e+02
4.291075896580482940e-01 -2.392444786189917636e+02
4.316096747289406288e-01 -2.392443540796160732e+02
4.341117597998331856e-01 -2.392423866081983306e+02
4.366138448707255204e-01 -2.392304940500092982e+02
4.391159299416178552e-01 -2.392241695509648309e+02
4.416180150125104120e-01 -2.392236518268591396e+02
4.441201000834027468e-01 -2.392235977917904677e+02
4.466221851542950816e-01 -2.392231461410005977e+02
4.491242702251876384e-01 -2.392163786938486965e+02
4.516263552960799732e-01 -2.391908840466601589e+02
4.541284403669723080e-01 -2.391830558278829244e+02
4.566305254378648648e-01 -2.391825136131422767e+02
4.591326105087571996e-01 -2.391824230381029963e+02
4.616346955796495344e-01 -2.391813401862498552e+02
4.641367806505420912e-01 -2.391673529113756160e+02
4.666388657214344260e-01 -2.391366882170908639e+02
4.691409507923267608e-01 -2.391309635985676891e+02
4.716430358632193176e-01 -2.391306016175153673e+02
4.741451209341116524e-01 -2.391304643630556939e+02
4.766472060050039872e-01 -2.391284076040292348e+02
4.791492910758965440e-01 -2.391074949551230588e+02
4.816513761467888788e-01 -2.390818748736980126e+02
4.841534612176812136e-01 -2.390786952945958035e+02
4.866555462885737704e-01 -2.390780587251307168e+02
4.891576313594661052e-01 -2.390698475722693388e+02
4.916597164303586620e-01 -2.389319700997809264e+02
4.941618015012509968e-01 -2.379422251090104226e+02
4.966638865721433316e-01 -2.372740830481355090e+02
4.991659716430358884e-01 -2.372139292391723018e+02
5.016680567139282232e-01 -2.372097345563377928e+02
5.041701417848205580e-01 -2.371953972615052635e+02
5.066722268557128928e-01 -2.369740844465504779e+02
5.091743119266052275e-01 -2.359662127185871157e+02
5.116763969974980064e-01 -2.355864132113732978e+02
5.141784820683903412e-01 -2.355587699365193259e+02
5.166805671392826760e-01 -2.355572265687962101e+02
5.191826522101750108e-01 -2.355571329942995362e+02
5.216847372810673455e-01 -2.355570060720957315e+02
5.241868223519596803e-01 -2.355566811035679109e+02
5.266889074228524592e-01 -2.355566097328317881e+02
5.291909924937447940e-01 -2.355566048962310219e+02
5.316930775646371288e-01 -2.355565996600339815e+02
5.341951626355294636e-01 -2.355565118721233091e+02
5.366972477064217983e-01 -2.355555403339144789e+02
5.391993327773141331e-01 -2.355541147754698841e+02
5.417014178482069120e-01 -2.355539172884376455e+02
5.442035029190992468e-01 -2.355539023049172727e+02
5.467055879899915816e-01 -2.355538424797897221e+02
5.492076730608839163e-01 -2.355528345626665327e+02
5.517097581317762511e-01 -2.355448025628720643e+02
5.542118432026690300e-01 -2.355384409840410171e+02
5.567139282735613648e-01 -2.355378237744474745e+02
5.592160133444536996e-01 -2.355377694959676091e+02
5.617180984153460344e-01 -2.355374223973414587e+02
5.642201834862383691e-01 -2.355319104294570707e+02
5.667222685571307039e-01 -2.355037791656889681e+02
5.692243536280234828e-01 -2.354916784272707844e+02
5.717264386989158176e-01 -2.354907600551186704e+02
5.742285237698081524e-01 -2.354906914534905411e+02
5.767306088407004871e-01 -2.354903789959892038e+02
5.792326939115928219e-01 -2.354859892755432895e+02
5.817347789824851567e-01 -2.354729707452626997e+02
5.842368640533779356e-01 -2.354698087127699182e+02
5.867389491242702704e-01 -2.354696020327386066e+02
5.892410341951626052e-01 -2.354695835488453781e+02
5.917431192660549399e-01 -2.354694582182795273e+02
5.942452043369472747e-01 -2.354680194374606970e+02
5.967472894078396095e-01 -2.354656938205416168e+02
5.992493744787323884e-01 -2.354653494815908914e+02
6.017514595496247232e-01 -2.354653265859347755e+02
6.042535446205170580e-01 -2.354652844525800788e+02
6.067556296914093927e-01 -2.354645823769234028e+02
6.092577147623017275e-01 -2.354587180314093189e+02
6.117597998331940623e-01 -2.354537040514045998e+02
6.142618849040868412e-01 -2.354531994036213973e+02
6.167639699749791760e-01 -2.354531663983711667e+02
6.192660550458715107e-01 -2.354530909442839288e+02
6.217681401167638455e-01 -2.354519024838985501e+02
6.242702251876561803e-01 -2.354455661473884902e+02
6.267723102585485151e-01 -2.354426924356031634e+02
6.292743953294412940e-01 -2.354424700345474264e+02
6.317764804003336288e-01 -2.354424449364188092e+02
6.342785654712259635e-01 -2.354422166030705910e+02
6.367806505421182983e-01 -2.354389624860299364e+02
6.392827356130106331e-01 -2.354290076936609069e+02
6.417848206839029679e-01 -2.354265186453180547e+02
6.442869057547957468e-01 -2.354263552137608713e+02
6.467889908256880815e-01 -2.354263452754713057e+02
6.492910758965804163e-01 -2.354263291587988363e+02
6.517931609674727511e-01 -2.354261480263196518e+02
6.542952460383650859e-01 -2.354258517662614167e+02
6.567973311092574207e-01 -2.354258075806133661e+02
6.592994161801501996e-01 -2.354258056284265876e+02
6.618015012510425343e-01 -2.354258182521306253e+02
6.643035863219348691e-01 -2.354260367729855830e+02
6.668056713928272039e-01 -2.354278516432730726e+02
6.693077564637195387e-01 -2.354293884364080327e+02
6.718098415346118735e-01 -2.354295422863077079e+02
6.743119266055046523e-01 -2.354295510290995423e+02
6.768140116763969871e-01 -2.354295501440794283e+02
6.793160967472893219e-01 -2.354295282265469211e+02
6.818181818181816567e-01 -2.354294141052705243e+02
6.843202668890739915e-01 -2.354293639886617200e+02
6.868223519599667704e-01 -2.354293619646309708e+02
6.893244370308591051e-01 -2.354293947575698382e+02
6.918265221017514399e-01 -2.354299872408047065e+02
6.943286071726437747e-01 -2.354383449320146724e+02
6.968306922435361095e-01 -2.354626816592141267e+02
6.993327773144284443e-01 -2.354684935264697003e+02
7.018348623853212231e-01 -2.354688776152421212e+02
7.043369474562135579e-01 -2.354690126492370155e+02
7.068390325271058927e-01 -2.354710260540979618e+02
7.093411175979982275e-01 -2.354936305840172395e+02
7.118432026688905623e-01 -2.355279385798955332e+02
7.143452877397828971e-01 -2.355327980234531253e+02
7.168473728106756759e-01 -2.355330893875062372e+02
7.193494578815680107e-01 -2.355331362344387003e+02
7.218515429524603455e-01 -2.355336619503469535e+02
7.243536280233526803e-01 -2.355377629050053088e+02
7.268557130942450151e-01 -2.355409113510785915e+02
7.293577981651373499e-01 -2.355412121183384784e+02
7.318598832360301287e-01 -2.355412355329895604e+02
7.343619683069224635e-01 -2.355413498999816113e+02
7.368640533778147983e-01 -2.355431357953457336e+02
7.393661384487071331e-01 -2.355515619453175873e+02
7.418682235195994679e-01 -2.355548679838646819e+02
7.443703085904918026e-01 -2.355551157093750874e+02
7.468723936613845815e-01 -2.355552060016101450e+02
7.493744787322769163e-01 -2.355565795572923662e+02
7.518765638031692511e-01 -2.355752122226648737e+02
7.543786488740615859e-01 -2.356226739047574483e+02
7.568807339449539207e-01 -2.356327286749198038e+02
7.593828190158462554e-01 -2.356333927050554564e+02
7.618849040867390343e-01 -2.356338933909677280e+02
7.643869891576313691e-01 -2.356420470973182546e+02
7.668890742285237039e-01 -2.357269852361687583e+02
7.693911592994160387e-01 -2.358362876177260148e+02
7.718932443703083734e-01 -2.358501534804476876e+02
7.743953294412007082e-01 -2.358506840863249181e+02
7.768974145120934871e-01 -2.358455452366491443e+02
7.793994995829858219e-01 -2.357588629409232510e+02
7.819015846538781567e-01 -2.351613976834858306e+02
7.844036697247704915e-01 -2.347811538867559307e+02
7.869057547956628262e-01 -2.347477282555578029e+02
7.894078398665551610e-01 -2.347444763350052597e+02
7.919099249374479399e-01 -2.347197817061764624e+02
7.944120100083402747e-01 -2.343462402290358284e+02
7.969140950792326095e-01 -2.328725145939910135e+02
7.994161801501249442e-01 -2.323976670792474692e+02
8.019182652210172790e-01 -2.323645631627386479e+02
8.044203502919096138e-01 -2.323625485671542776e+02
8.069224353628023927e-01 -2.323593661878909415e+02
8.094245204336947275e-01 -2.323205203853434000e+02
8.119266055045870623e-01 -2.322415160647680068e+02
8.144286905754793970e-01 -2.322276271017935869e+02
8.169307756463717318e-01 -2.322267596710320561e+02
8.194328607172645107e-01 -2.322264712173971759e+02
8.219349457881568455e-01 -2.322222970392345474e+02
8.244370308590491803e-01 -2.321842716720022111e+02
8.269391159299415150e-01 -2.321464818874896423e+02
8.294412010008338498e-01 -2.321423637507336082e+02
8.319432860717261846e-01 -2.321421102318139731e+02
8.344453711426189635e-01 -2.321418159476635594e+02
8.369474562135112983e-01 -2.321372533506468869e+02
8.394495412844036331e-01 -2.321116645855172180e+02
8.419516263552959678e-01 -2.320993057046197805e+02
8.444537114261883026e-01 -2.320983302579599865e+02
8.469557964970806374e-01 -2.320982553264957176e+02
8.494578815679734163e-01 -2.320978890519561162e+02
8.519599666388657511e-01 -2.320927218795668523e+02
8.544620517097580858e-01 -2.320772071354778916e+02
8.569641367806504206e-01 -2.320733950052738805e+02
8.594662218515427554e-01 -2.320731422087135627e+02
8.619683069224350902e-01 -2.320730646358070715e+02
8.644703919933278691e-01 -2.320719407829480758e+02
8.669724770642202039e-01 -2.320594907275138894e+02
8.694745621351125386e-01 -2.320411596433484078e+02
8.719766472060048734e-01 -2.320386162756149133e+02
8.744787322768972082e-01 -2.320384603180096406e+02
8.769808173477895430e-01 -2.320383653215001516e+02
8.794829024186823219e-01 -2.320369034517007947e+02
8.819849874895746566e-01 -2.320261681611356437e+02
8.844870725604669914e-01 -2.320186692994193152e+02
8.869891576313593262e-01 -2.320179839666347448e+02
8.894912427022516610e-01 -2.320179383248021452e+02
8.919933277731439958e-01 -2.320178150171598190e+02
8.944954128440367747e-01 -2.320159567215232244e+02
8.969974979149291094e-01 -2.320082879513275600e+02
8.994995829858214442e-01 -2.320056954999155323e+02
9.020016680567137790e-01 -2.320055118164828230e+02
9.045037531276061138e-01 -2.320054890907918832e+02
9.070058381984984486e-01 -2.320052653379345600e+02
9.095079232693912274e-01 -2.320024418904152412e+02
9.120100083402835622e-01 -2.319966407507543238e+02
9.145120934111758970e-01 -2.319956126337796434e+02
9.170141784820682318e-01 -2.319955459031335749e+02
9.195162635529605666e-01 -2.319954800375790569e+02
9.220183486238529014e-01 -2.319944036355652770e+02
9.245204336947456802e-01 -2.319847672554448081e+02
9.270225187656380150e-01 -2.319754902695290752e+02
9.295246038365303498e-01 -2.319744967237035667e+02
9.320266889074226846e-01 -2.319744348093390443e+02
9.345287739783150194e-01 -2.319743483601657488e+02
9.370308590492077983e-01 -2.319730096134685766e+02
9.395329441201001330e-01 -2.319659220592615156e+02
9.420350291909924678e-01 -2.319627349306884412e+02
9.445371142618848026e-01 -2.319624886907310497e+02
9.470391993327771374e-01 -2.319624556901316055e+02
9.495412844036694722e-01 -2.319621097463674175e+02
9.520433694745622510e-01 -2.319573459371462718e+02
9.545454545454545858e-01 -2.319445106827951122e+02
9.570475396163469206e-01 -2.319416537649886152e+02
9.595496246872392554e-01 -2.319414652823920449e+02
9.620517097581315902e-01 -2.319413576735915399e+02
9.645537948290239250e-01 -2.319396515530023919e+02
9.670558798999167038e-01 -2.319220870431511230e+02
9.695579649708090386e-01 -2.319000254529422875e+02
9.720600500417013734e-01 -2.318972656489070232e+02
9.745621351125937082e-01 -2.318970950883664841e+02
9.770642201834860430e-01 -2.318969301117782038e+02
9.795663052543783778e-01 -2.318943476537222068e+02
9.820683903252711566e-01 -2.318778699866232671e+02
9.845704753961634914e-01 -2.318684495297031560e+02
9.870725604670558262e-01 -2.318676586554304606e+02
9.895746455379481610e-01 -2.318676136242314385e+02
9.920767306088404958e-01 -2.318676038782773219e+02
9.945788156797328305e-01 -2.318674972319495566e+02
9.970809007506256094e-01 -2.318671432028734785e+02
9.995829858215179442e-01 -2.318670473519437110e+02
1.002085070892410279e+00 -2.318670409428502808e+02
1.004587155963302614e+00 -2.318670404751706258e+02
1.007089241034194949e+00 -2.318670384719149808e+02
1.009591326105087283e+00 -2.318670160037175663e+02
1.012093411175980062e+00 -2.318669812500327794e+02
1.014595496246872397e+00 -2.318669762592494124e+02
1.017097581317764732e+00 -2.318669759018957279e+02
1.019599666388657067e+00 -2.318669748045808205e+02
1.022101751459549401e+00 -2.318669565964827370e+02
1.024603836530441736e+00 -2.318668239428117772e+02
1.027105921601334515e+00 -2.318667324051728542e+02
1.029608006672226850e+00 -2.318667240436606107e+02
1.032110091743119185e+00 -2.318667227319575943e+02
1.034612176814011519e+00 -2.318667075686052783e+02
1.037114261884903854e+00 -2.318664786038553984e+02
1.039616346955796189e+00 -2.318655927452955723e+02
1.042118432026688968e+00 -2.318653130951433923e+02
1.044620517097581303e+00 -2.318652934071577931e+02
1.047122602168473637e+00 -2.318652868274442937e+02
1.049624687239365972e+00 -2.318651891895487438e+02
1.052126772310258307e+00 -2.318640145441755465e+02
1.054628857381150642e+00 -2.318619034987649457e+02
1.057130942452043421e+00 -2.318615591546629275e+02
1.059633027522935755e+00 -2.318614119806591987e+02
1.062135112593828090e+00 -2.318591086146736586e+02
1.064637197664720425e+00 -2.318199155269537926e+02
1.067139282735612760e+00 -2.315086818250045440e+02
1.069641367806505539e+00 -2.312635565140333540e+02
1.072143452877397873e+00 -2.312398087045137629e+02
1.074645537948290208e+00 -2.312371728217680413e+02
1.077147623019182543e+00 -2.312139222689561109e+02
1.079649708090074878e+00 -2.308560964328234206e+02
1.082151793160967213e+00 -2.293299789290733202e+02
1.084653878231859991e+00 -2.287953274504779984e+02
1.087155963302752326e+00 -2.287572061161154124e+02
1.089658048373644661e+00 -2.287549044019114888e+02
1.092160133444536996e+00 -2.287516271511896946e+02
1.094662218515429331e+00 -2.287122413569041726e+02
1.097164303586321665e+00 -2.286346912061040939e+02
1.099666388657214444e+00 -2.286213987805438705e+02
1.102168473728106779e+00 -2.286205706190002900e+02
1.104670558798999114e+00 -2.286202724289115622e+02
1.107172643869891449e+00 -2.286159355057617404e+02
1.109674728940783783e+00 -2.285799010366531263e+02
1.112176814011676118e+00 -2.285493362828903514e+02
1.114678899082568897e+00 -2.285462721927083010e+02
1.117180984153461232e+00 -2.285460685691957679e+02
1.119683069224353567e+00 -2.285455516556002351e+02
1.122185154295245901e+00 -2.285376477168090048e+02
1.124687239366138236e+00 -2.285023562131224253e+02
1.127189324437030571e+00 -2.284893484079801453e+02
1.129691409507923350e+00 -2.284884043257179655e+02
1.132193494578815685e+00 -2.284882894363861396e+02
1.134695579649708019e+00 -2.284871754592231810e+02
1.137197664720600354e+00 -2.284731634545904342e+02
1.139699749791492689e+00 -2.284446254582273355e+02
1.142201834862385024e+00 -2.284396032685222337e+02
1.144703919933277803e+00 -2.284392880000185357e+02
1.147206005004170137e+00 -2.284391553048416199e+02
1.149708090075062472e+00 -2.284371731502145622e+02
1.152210175145954807e+00 -2.284205551240972909e+02
1.154712260216847142e+00 -2.284062502816364599e+02
1.157214345287739476e+00 -2.284048045660567823e+02
1.159716430358632255e+00 -2.284046917723472347e+02
1.162218515429524590e+00 -2.284041459336453386e+02
1.164720600500416925e+00 -2.283957195156917237e+02
1.167222685571309260e+00 -2.283582604387735842e+02
1.169724770642201594e+00 -2.283445212851798658e+02
1.172226855713093929e+00 -2.283435118296606845e+02
1.174728940783986708e+00 -2.283431398138400255e+02
1.177231025854879043e+00 -2.283375030084243917e+02
1.179733110925771378e+00 -2.282670825958577439e+02
1.182235195996663712e+00 -2.281271547366721961e+02
1.184737281067556047e+00 -2.281029750582406450e+02
1.187239366138448382e+00 -2.281009621107895669e+02
1.189741451209341161e+00 -2.280912148904193089e+02
1.192243536280233496e+00 -2.279261472928662897e+02
1.194745621351125831e+00 -2.265796146555486246e+02
1.197247706422018165e+00 -2.254722850260797600e+02
1.199749791492910500e+00 -2.253630250094963969e+02
1.202251876563803279e+00 -2.253565550110786546e+02
1.204753961634695614e+00 -2.253522937715292755e+02
1.207256046705587949e+00 -2.252919668539068709e+02
1.209758131776480283e+00 -2.250384085746658798e+02
1.212260216847372618e+00 -2.249509545716267951e+02
1.214762301918264953e+00 -2.249447382326135596e+02
1.217264386989157732e+00 -2.249442244870100183e+02
1.219766472060050067e+00 -2.249412255993282486e+02
1.222268557130942401e+00 -2.249051281225688967e+02
1.224770642201834736e+00 -2.248392059530279425e+02
1.227272727272727071e+00 -2.248285389420931608e+02
1.229774812343619406e+00 -2.248278808438456338e+02
1.232276897414512185e+00 -2.248276568834537841e+02
1.234778982485404519e+00 -2.248244661034380272e+02
1.237281067556296854e+00 -2.248001539071051127e+02
1.239783152627189189e+00 -2.247821862368004133e+02
1.242285237698081524e+00 -2.247805006033151756e+02
1.244787322768973858e+00 -2.247803753449877604e+02
1.247289407839866637e+00 -2.247798413602448875e+02
1.249791492910758972e+00 -2.247718920630282753e+02
1.252293577981651307e+00 -2.247419648756414290e+02
1.254795663052543642e+00 -2.247327831264406370e+02
1.257297748123435976e+00 -2.247321743293376244e+02
1.259799833194328311e+00 -2.247325627400795724e+02
1.262301918265221090e+00 -2.247400406788340490e+02
1.264804003336113425e+00 -2.248254745304632536e+02
1.267306088407005760e+00 -2.249602903422089071e+02
1.269808173477898094e+00 -2.249798714820601049e+02
1.272310258548790429e+00 -2.249803510690981057e+02
1.274812343619682764e+00 -2.249678197804128672e+02
1.277314428690575543e+00 -2.247575603382072984e+02
1.279816513761467878e+00 -2.233271170451255614e+02
1.282318598832360212e+00 -2.224334803232171964e+02
1.284820683903252547e+00 -2.223556600578300220e+02
1.287322768974144882e+00 -2.223503737442835302e+02
1.289824854045037217e+00 -2.223342264165395648e+02
1.292326939115929996e+00 -2.221046339737756057e+02
1.294829024186822330e+00 -2.213755146153924898e+02
1.297331109257714665e+00 -2.211866083375410028e+02
1.299833194328607000e+00 -2.211740969965906061e+02
1.302335279399499335e+00 -2.211731185016521692e+02
1.304837364470391670e+00 -2.211680787752348749e+02
1.307339449541284448e+00 -2.211161136009275765e+02
1.309841534612176783e+00 -2.210496517766736702e+02
1.312343619683069118e+00 -2.210412438598423250e+02
1.314845704753961453e+00 -2.210407522385621917e+02
1.317347789824853788e+00 -2.210407711806748523e+02
1.319849874895746566e+00 -2.210415210527156091e+02
1.322351959966638901e+00 -2.210458347693676728e+02
1.324854045037531236e+00 -2.210479814290781064e+02
1.327356130108423571e+00 -2.210481689142073094e+02
1.329858215179315906e+00 -2.210484798833105060e+02
1.332360300250208240e+00 -2.210538733077799805e+02
1.334862385321101019e+00 -2.211267312885305785e+02
1.337364470391993354e+00 -2.213095178114292025e+02
1.339866555462885689e+00 -2.213477195685755134e+02
1.342368640533778024e+00 -2.213499692388385540e+02
1.344870725604670358e+00 -2.213469922888044721e+02
1.347372810675562693e+00 -2.212932951317616528e+02
1.349874895746455472e+00 -2.208100578838919148e+02
1.352376980817347807e+00 -2.203407766810675241e+02
1.354879065888240142e+00 -2.202902201415954835e+02
1.357381150959132476e+00 -2.202859889204906381e+02
1.359883236030024811e+00 -2.202620295531667693e+02
1.362385321100917146e+00 -2.198901697616563524e+02
1.364887406171809925e+00 -2.182052863528844853e+02
1.367389491242702260e+00 -2.175740108967803792e+02
1.369891576313594594e+00 -2.175281270882158822e+02
1.372393661384486929e+00 -2.175252996525600508e+02
1.374895746455379264e+00 -2.175204083527759451e+02
1.377397831526271599e+00 -2.174626115088484823e+02
1.379899916597164378e+00 -2.173559085504509767e+02
1.382402001668056712e+00 -2.173385001029807313e+02
1.384904086738949047e+00 -2.173374325883186771e+02
1.387406171809841382e+00 -2.173372089967893430e+02
1.389908256880733717e+00 -2.173344223599347345e+02
1.392410341951626052e+00 -2.173141135913541859e+02
1.394912427022518830e+00 -2.173000737180867361e+02
1.397414512093411165e+00 -2.172988680630213025e+02
1.399916597164303500e+00 -2.173000961348367355e+02
1.402418682235195835e+00 -2.173234920498926499e+02
1.404920767306088170e+00 -2.176647398921669208e+02
1.407422852376980504e+00 -2.187937109393636206e+02
1.409924937447873283e+00 -2.190979548706663422e+02
1.412427022518765618e+00 -2.191175541359440331e+02
1.414929107589657953e+00 -2.191058293807816710e+02
1.417431192660550288e+00 -2.188809694491712321e+02
1.419933277731442622e+00 -2.165584284921464757e+02
1.422435362802334957e+00 -2.136250656143239439e+02
1.424937447873227736e+00 -2.132568896565296939e+02
1.427439532944120071e+00 -2.132350219386119932e+02
1.429941618015012406e+00 -2.132293042498565967e+02
1.432443703085904740e+00 -2.131561549761361221e+02
1.434945788156797075e+00 -2.127587675904348430e+02
1.437447873227689410e+00 -2.125741503453370740e+02
1.439949958298582189e+00 -2.125597950934147207e+02
1.442452043369474524e+00 -2.125590788636623643e+02
1.444954128440366858e+00 -2.125606263665605411e+02
1.447456213511259193e+00 -2.125812983583176390e+02
1.449958298582151528e+00 -2.126271707907085613e+02
1.452460383653044307e+00 -2.126358592884498933e+02
1.454962468723936642e+00 -2.126371575730804295e+02
1.457464553794828976e+00 -2.126510028643282340e+02
1.459966638865721311e+00 -2.128865799474011737e+02
1.462468723936613646e+00 -2.147831787730965800e+02
1.464970809007505981e+00 -2.163100272825031141e+02
1.467472894078398760e+00 -2.164589147977790162e+02
1.469974979149291094e+00 -2.164641420458183916e+02
1.472477064220183429e+00 -2.164052039185515355e+02
1.474979149291075764e+00 -2.155173297392324798e+02
1.477481234361968099e+00 -2.122605624011275722e+02
1.479983319432860434e+00 -2.112876397942223434e+02
1.482485404503753212e+00 -2.112209694912558291e+02
1.484987489574645547e+00 -2.112145577973008699e+02
1.487489574645537882e+00 -2.111666755607728589e+02
1.489991659716430217e+00 -2.106557685737686256e+02
1.492493744787322552e+00 -2.099580510920556833e+02
1.494995829858214886e+00 -2.098659780936846744e+02
1.497497914929107665e+00 -2.098604299266542057e+02
1.500000000000000000e+00 -2.098581486251801778e+02
