# # hall conductivity
-1.500000000000000000e+00 -2.287275225622796171e+00
-1.497998665777184879e+00 -2.272505687362276205e+00
-1.495997331554369536e+00 -2.140131789260948381e+00
-1.493995997331554415e+00 -1.575739669231506213e+00
-1.491994663108739072e+00 -1.153463193082854943e+00
-1.489993328885923951e+00 -1.083493501292844385e+00
-1.487991994663108830e+00 -1.076174912577869236e+00
-1.485990660440293487e+00 -1.075531281655566218e+00
-1.483989326217478366e+00 -1.076269046600925705e+00
-1.481987991994663023e+00 -1.084393544814213683e+00
-1.479986657771847902e+00 -1.156677280057866852e+00
-1.477985323549032781e+00 -1.453395935163804609e+00
-1.475983989326217438e+00 -1.663953807063311530e+00
-1.473982655103402317e+00 -1.697949330668668821e+00
-1.471981320880586974e+00 -1.701501080166545776e+00
-1.469979986657771853e+00 -1.701917896232865601e+00
-1.467978652434956732e+00 -1.702635613371668910e+00
-1.465977318212141389e+00 -1.709504154818915822e+00
-1.463975983989326268e+00 -1.770010508946828764e+00
-1.461974649766510925e+00 -2.008932562127062837e+00
-1.459973315543695804e+00 -2.169798918937775767e+00
-1.457971981320880683e+00 -2.195132222773096942e+00
-1.455970647098065340e+00 -2.197762577368333581e+00
-1.453969312875250219e+00 -2.198005918102946765e+00
-1.451967978652434876e+00 -2.197866506021107114e+00
-1.449966644429619755e+00 -2.196214505960794483e+00
-1.447965310206804634e+00 -2.181764434792599516e+00
-1.445963975983989291e+00 -2.126920647524125130e+00
-1.443962641761174170e+00 -2.091870316310465938e+00
-1.441961307538358827e+00 -2.086480077054511995e+00
-1.439959973315543706e+00 -2.085915296862349777e+00
-1.437958639092728585e+00 -2.085790636649598184e+00
-1.435957304869913242e+00 -2.085075864856568373e+00
-1.433955970647098122e+00 -2.077964306113752713e+00
-1.431954636424282779e+00 -2.016447671231434313e+00
-1.429953302201467658e+00 -1.792229808452727724e+00
-1.427951967978652537e+00 -1.656160564387102241e+00
-1.425950633755837194e+00 -1.635712861930256778e+00
-1.423949299533022073e+00 -1.633623505531410558e+00
-1.421947965310206730e+00 -1.633626104889602360e+00
-1.419946631087391609e+00 -1.635749145620732037e+00
-1.417945296864576488e+00 -1.657208826481550545e+00
-1.415943962641761145e+00 -1.841007338872842070e+00
-1.413942628418946024e+00 -2.483817331948007023e+00
-1.411941294196130681e+00 -2.854388343113944515e+00
-1.409939959973315560e+00 -2.908872336502541955e+00
-1.407938625750500439e+00 -2.914465205474753517e+00
-1.405937291527685096e+00 -2.914901752502787602e+00
-1.403935957304869975e+00 -2.913780027933364991e+00
-1.401934623082054632e+00 -2.902026118454582360e+00
-1.399933288859239511e+00 -2.802386521901059524e+00
-1.397931954636424390e+00 -2.468291574957090617e+00
-1.395930620413609047e+00 -2.285258393079928396e+00
-1.393929286190793926e+00 -2.258905861239187018e+00
-1.391927951967978583e+00 -2.256199095275823296e+00
-1.389926617745163462e+00 -2.255889945650590533e+00
-1.387925283522348341e+00 -2.255426007382045128e+00
-1.385923949299532998e+00 -2.251050623799683237e+00
-1.383922615076717877e+00 -2.214411747182138512e+00
-1.381921280853902534e+00 -2.096731738459869376e+00
-1.379919946631087413e+00 -2.035439175834463654e+00
-1.377918612408272070e+00 -2.026787932697382999e+00
-1.375917278185456949e+00 -2.025878768037694400e+00
-1.373915943962641828e+00 -2.025540481332731346e+00
-1.371914609739826485e+00 -2.022975191469136291e+00
-1.369913275517011364e+00 -1.997474889288932687e+00
-1.367911941294196243e+00 -1.786340354195209201e+00
-1.365910607071380900e+00 -1.137286797149329232e+00
-1.363909272848565779e+00 -8.157713314071592947e-01
-1.361907938625750436e+00 -7.712688353747445547e-01
-1.359906604402935315e+00 -7.667354774158212649e-01
-1.357905270180119972e+00 -7.663522566427438676e-01
-1.355903935957304851e+00 -7.669554287740094622e-01
-1.353902601734489730e+00 -7.733941979198775130e-01
-1.351901267511674387e+00 -8.260786060433584765e-01
-1.349899933288859266e+00 -9.809579364583242977e-01
-1.347898599066043923e+00 -1.053955518363363097e+00
-1.345897264843228802e+00 -1.063875047843195532e+00
-1.343895930620413681e+00 -1.064884118064506779e+00
-1.341894596397598338e+00 -1.064980269282953529e+00
-1.339893262174783217e+00 -1.064957756089155438e+00
-1.337891927951967874e+00 -1.064638025336028804e+00
-1.335890593729152753e+00 -1.062050291140327118e+00
-1.333889259506337632e+00 -1.054781587796856712e+00
-1.331887925283522289e+00 -1.051520375928232554e+00
-1.329886591060707168e+00 -1.051082169925141585e+00
-1.327885256837891825e+00 -1.051009126521215364e+00
-1.325883922615076704e+00 -1.050710640932797091e+00
-1.323882588392261583e+00 -1.047717947413485007e+00
-1.321881254169446240e+00 -1.018017425002376797e+00
-1.319879919946631119e+00 -7.816638730835716586e-01
-1.317878585723815776e+00 -1.479109060333438919e-01
-1.315877251501000655e+00 1.228330416702778649e-01
-1.313875917278185534e+00 1.583777510365464991e-01
-1.311874583055370191e+00 1.619934790771750954e-01
-1.309873248832555070e+00 1.625019106311231809e-01
-1.307871914609739727e+00 1.641060513809549093e-01
-1.305870580386924606e+00 1.796587011235146747e-01
-1.303869246164109486e+00 3.015896233808188498e-01
-1.301867911941294143e+00 6.134275800030337678e-01
-1.299866577718479022e+00 7.403399437470401523e-01
-1.297865243495663679e+00 7.567340977836920501e-01
-1.295863909272848558e+00 7.583885583169323041e-01
-1.293862575050033215e+00 7.585216337822338062e-01
-1.291861240827218094e+00 7.582335453302437855e-01
-1.289859906604402973e+00 7.552283482267707626e-01
-1.287858572381587630e+00 7.320145139808076351e-01
-1.285857238158772509e+00 6.754371005704786768e-01
-1.283855903935957166e+00 6.534917159438098366e-01
-1.281854569713142045e+00 6.507004139732899262e-01
-1.279853235490326924e+00 6.504208978655086071e-01
-1.277851901267511581e+00 6.504151045362558392e-01
-1.275850567044696460e+00 6.506350280900132788e-01
-1.273849232821881117e+00 6.528317081145544876e-01
-1.271847898599065996e+00 6.695171640313350991e-01
-1.269846564376250875e+00 7.082362654042224648e-01
-1.267845230153435532e+00 7.225560827619972315e-01
-1.265843895930620411e+00 7.243483485568464886e-01
-1.263842561707805068e+00 7.245021577216395059e-01
-1.261841227484989947e+00 7.242449298398305757e-01
-1.259839893262174826e+00 7.214513997956757407e-01
-1.257838559039359483e+00 6.939302143520009736e-01
-1.255837224816544362e+00 4.885028340710437789e-01
-1.253835890593729019e+00 3.502947215153717764e-02
-1.251834556370913898e+00 -1.249595329973818281e-01
-1.249833222148098777e+00 -1.447291785156803456e-01
-1.247831887925283434e+00 -1.466810673192640024e-01
-1.245830553702468313e+00 -1.465074271044084497e-01
-1.243829219479652970e+00 -1.427764455049089776e-01
-1.241827885256837849e+00 -1.059442573510800401e-01
-1.239826551034022728e+00 1.640065854666250544e-01
-1.237825216811207385e+00 7.303708280755021320e-01
-1.235823882588392264e+00 9.210754925645669999e-01
-1.233822548365576921e+00 9.443279307894041352e-01
-1.231821214142761800e+00 9.466380156651759137e-01
-1.229819879919946679e+00 9.466198799701501798e-01
-1.227818545697131336e+00 9.441277003750414565e-01
-1.225817211474316215e+00 9.194943344240265048e-01
-1.223815877251500872e+00 7.424027026070501023e-01
-1.221814543028685751e+00 3.895974038081480018e-01
-1.219813208805870630e+00 2.761632373321365463e-01
-1.217811874583055287e+00 2.625049540205175447e-01
-1.215810540360240166e+00 2.611138867521933804e-01
-1.213809206137424823e+00 2.607516987645208673e-01
-1.211807871914609702e+00 2.584257067564781352e-01
-1.209806537691794581e+00 2.358292348802670801e-01
-1.207805203468979238e+00 7.668838687593648729e-02
-1.205803869246164117e+00 -2.240919826033280771e-01
-1.203802535023348774e+00 -3.164816488089474689e-01
-1.201801200800533653e+00 -3.274684471163222810e-01
-1.199799866577718532e+00 -3.285614814787685134e-01
-1.197798532354903189e+00 -3.286017751086216521e-01
-1.195797198132088068e+00 -3.279246409640155235e-01
-1.193795863909272725e+00 -3.212268947707634936e-01
-1.191794529686457604e+00 -2.750533490678126469e-01
-1.189793195463642483e+00 -1.923357816908186635e-01
-1.187791861240827140e+00 -1.680491730917577087e-01
-1.185790527018012019e+00 -1.651976300222468552e-01
-1.183789192795196676e+00 -1.649460619890010804e-01
-1.181787858572381555e+00 -1.652623702090796343e-01
-1.179786524349566434e+00 -1.687547105857696295e-01
-1.177785190126751091e+00 -2.026890323659724658e-01
-1.175783855903935970e+00 -4.313275904368172320e-01
-1.173782521681120627e+00 -8.192021360753720671e-01
-1.171781187458305507e+00 -9.281229630691552046e-01
-1.169779853235490386e+00 -9.407826967682506591e-01
-1.167778519012675043e+00 -9.420240566911015634e-01
-1.165777184789859922e+00 -9.419180180226316423e-01
-1.163775850567044579e+00 -9.395947571330989234e-01
-1.161774516344229458e+00 -9.169991449152341545e-01
-1.159773182121414337e+00 -7.683677921949083611e-01
-1.157771847898598994e+00 -5.298109139300191117e-01
-1.155770513675783873e+00 -4.657021662447604626e-01
-1.153769179452968530e+00 -4.583251289551313334e-01
-1.151767845230153409e+00 -4.575605515691822944e-01
-1.149766511007338288e+00 -4.571889943210827312e-01
-1.147765176784522945e+00 -4.541455643181731006e-01
-1.145763842561707824e+00 -4.248758207163287892e-01
-1.143762508338892481e+00 -2.371826338107396737e-01
-1.141761174116077360e+00 4.757143306958511175e-02
-1.139759839893262239e+00 1.208493988077528059e-01
-1.137758505670446896e+00 1.292059669182759052e-01
-1.135757171447631775e+00 1.301612003271213069e-01
-1.133755837224816432e+00 1.315092700307687323e-01
-1.131754503002001311e+00 1.443574673001553066e-01
-1.129753168779186190e+00 2.676333556083907439e-01
-1.127751834556370847e+00 1.037260739050941183e+00
-1.125750500333555726e+00 2.139925047605718333e+00
-1.123749166110740383e+00 2.411816065979706991e+00
-1.121747831887925262e+00 2.442469735618274740e+00
-1.119746497665110141e+00 2.445384743222486890e+00
-1.117745163442294798e+00 2.444299973023975170e+00
-1.115743829219479677e+00 2.430301131203856713e+00
-1.113742494996664334e+00 2.296209440233573318e+00
-1.111741160773849213e+00 1.482367050035191980e+00
-1.109739826551034092e+00 3.822291790476715079e-01
-1.107738492328218749e+00 1.221208540962308575e-01
-1.105737158105403628e+00 9.306054215789139050e-02
-1.103735823882588285e+00 9.029628700872649461e-02
-1.101734489659773164e+00 9.128700904192932342e-02
-1.099733155436958043e+00 1.041669834414005180e-01
-1.097731821214142700e+00 2.269677816264081827e-01
-1.095730486991327579e+00 9.503897128875795630e-01
-1.093729152768512236e+00 1.872211173132818374e+00
-1.091727818545697115e+00 2.081344294170142106e+00
-1.089726484322881994e+00 2.104506184078832831e+00
-1.087725150100066651e+00 2.106681259730638800e+00
-1.085723815877251530e+00 2.105624592434097053e+00
-1.083722481654436187e+00 2.092663188686325171e+00
-1.081721147431621066e+00 1.969770738887323347e+00
-1.079719813208805945e+00 1.268216489340302289e+00
-1.077718478985990602e+00 4.262931233962099498e-01
-1.075717144763175481e+00 2.428724727294024888e-01
-1.073715810540360138e+00 2.227219049891218106e-01
-1.071714476317545017e+00 2.208112051864787873e-01
-1.069713142094729896e+00 2.215227401337998003e-01
-1.067711807871914553e+00 2.306883293691637249e-01
-1.065710473649099432e+00 3.171444054968954873e-01
-1.063709139426284089e+00 7.946126526450036920e-01
-1.061707805203468968e+00 1.333781234995818465e+00
-1.059706470980653847e+00 1.446669891307697853e+00
-1.057705136757838504e+00 1.458988121541802130e+00
-1.055703802535023383e+00 1.460279095841448438e+00
-1.053702468312208040e+00 1.461119849335544174e+00
-1.051701134089392919e+00 1.468421764091329962e+00
-1.049699799866577798e+00 1.536635081759500920e+00
-1.047698465643762455e+00 1.900419459223805063e+00
-1.045697131420947334e+00 2.286618328042070658e+00
-1.043695797198131991e+00 2.364392896193111326e+00
-1.041694462975316871e+00 2.372803080046278268e+00
-1.039693128752501750e+00 2.373537530008185570e+00
-1.037691794529686407e+00 2.372606061900571106e+00
-1.035690460306871286e+00 2.362375559378458334e+00
-1.033689126084055943e+00 2.267200275558177935e+00
-1.031687791861240822e+00 1.777927477736120920e+00
-1.029686457638425701e+00 1.290026151757967199e+00
-1.027685123415610358e+00 1.195435099266619616e+00
-1.025683789192795237e+00 1.185271786159441731e+00
-1.023682454969979894e+00 1.184328649862608884e+00
-1.021681120747164773e+00 1.184874608750062563e+00
-1.019679786524349652e+00 1.191374250175105232e+00
-1.017678452301534309e+00 1.251455663565472776e+00
-1.015677118078719188e+00 1.548607405682323801e+00
-1.013675783855903845e+00 1.826712758948726645e+00
-1.011674449633088724e+00 1.878667275490249366e+00
-1.009673115410273603e+00 1.884224741244290513e+00
-1.007671781187458260e+00 1.884860292129642900e+00
-1.005670446964642917e+00 1.885798527739423136e+00
-1.003669112741827796e+00 1.894725655974204059e+00
-1.001667778519012675e+00 1.976444076553633522e+00
-9.996664442961974428e-01 2.364497693209118623e+00
-9.976651100733822108e-01 2.705078649633833265e+00
-9.956637758505669789e-01 2.766444142908156323e+00
-9.936624416277517469e-01 2.772952200764731145e+00
-9.916611074049366259e-01 2.773538038230213942e+00
-9.896597731821213939e-01 2.773011203772618671e+00
-9.876584389593061619e-01 2.767070909299084391e+00
-9.856571047364909299e-01 2.713061062652474931e+00
-9.836557705136756979e-01 2.467307814171109115e+00
-9.816544362908605770e-01 2.265197560976096369e+00
-9.796531020680453450e-01 2.230038303788623111e+00
-9.776517678452301130e-01 2.226318054574655037e+00
-9.756504336224148810e-01 2.225848451555849650e+00
-9.736490993995996490e-01 2.224761548662286259e+00
-9.716477651767845281e-01 2.214176155708077687e+00
-9.696464309539692961e-01 2.118937966146752672e+00
-9.676450967311540641e-01 1.704602443683700841e+00
-9.656437625083388321e-01 1.385536987689501842e+00
-9.636424282855236001e-01 1.331896477701912218e+00
-9.616410940627084791e-01 1.326273034291565622e+00
-9.596397598398932471e-01 1.325778817935571396e+00
-9.576384256170780152e-01 1.326350519391507277e+00
-9.556370913942627832e-01 1.332643488319353864e+00
-9.536357571714475512e-01 1.388766366387566009e+00
-9.516344229486324302e-01 1.621710995053421200e+00
-9.496330887258171982e-01 1.789559569687881435e+00
-9.476317545030019662e-01 1.816859559987459960e+00
-9.456304202801867342e-01 1.819700956425144511e+00
-9.436290860573715022e-01 1.819891031167761852e+00
-9.416277518345562703e-01 1.818990404683182405e+00
-9.396264176117411493e-01 1.809668688647571244e+00
-9.376250833889259173e-01 1.727478455598292939e+00
-9.356237491661106853e-01 1.402754310450525566e+00
-9.336224149432954533e-01 1.183959112136765413e+00
-9.316210807204802213e-01 1.149493156844298980e+00
-9.296197464976651004e-01 1.145931111758645926e+00
-9.276184122748498684e-01 1.145772429135073267e+00
-9.256170780520346364e-01 1.147717985430759313e+00
-9.236157438292194044e-01 1.167580229998135266e+00
-9.216144096064041724e-01 1.340621802249064132e+00
-9.196130753835890514e-01 1.989885429777823234e+00
-9.176117411607738195e-01 2.398722260374663406e+00
-9.156104069379585875e-01 2.461171140854695238e+00
-9.136090727151433555e-01 2.467618426986710745e+00
-9.116077384923281235e-01 2.468137686612676518e+00
-9.096064042695130025e-01 2.467005434844788070e+00
-9.076050700466977705e-01 2.455043880010826740e+00
-9.056037358238825385e-01 2.352140032714624240e+00
-9.036024016010673066e-01 1.986334677944650906e+00
-9.016010673782520746e-01 1.771174770873972903e+00
-8.995997331554369536e-01 1.739270492203818463e+00
-8.975983989326217216e-01 1.735986840986130986e+00
-8.955970647098064896e-01 1.735682635438243082e+00
-8.935957304869912576e-01 1.735849230695741596e+00
-8.915943962641760256e-01 1.737829753467828198e+00
-8.895930620413609047e-01 1.754646202283923984e+00
-8.875917278185456727e-01 1.811146752991179554e+00
-8.855903935957304407e-01 1.842174862100870669e+00
-8.835890593729152087e-01 1.846645475754527865e+00
-8.815877251500999767e-01 1.847093790003123459e+00
-8.795863909272848558e-01 1.847033538287931265e+00
-8.775850567044696238e-01 1.845964922832420640e+00
-8.755837224816543918e-01 1.835253150769180053e+00
-8.735823882588391598e-01 1.745830968792548177e+00
-8.715810540360239278e-01 1.462573279380784186e+00
-8.695797198132088068e-01 1.317387019759586053e+00
-8.675783855903935748e-01 1.297028635226505244e+00
-8.655770513675783429e-01 1.294962248064786436e+00
-8.635757171447631109e-01 1.294901086781953481e+00
-8.615743829219478789e-01 1.296342811533525818e+00
-8.595730486991326469e-01 1.310904872872866278e+00
-8.575717144763175259e-01 1.430443705726473169e+00
-8.555703802535022939e-01 1.786556163687370358e+00
-8.535690460306870619e-01 1.956874529517765637e+00
-8.515677118078718300e-01 1.980141787544376086e+00
-8.495663775850565980e-01 1.982496496396910501e+00
-8.475650433622414770e-01 1.982579623788858214e+00
-8.455637091394262450e-01 1.981075937968807210e+00
-8.435623749166110130e-01 1.965902943624573851e+00
-8.415610406937957810e-01 1.843627129836672651e+00
-8.395597064709805490e-01 1.501911954050919817e+00
-8.375583722481654281e-01 1.349434372572382301e+00
-8.355570380253501961e-01 1.329115312183526854e+00
-8.335557038025349641e-01 1.327055708168346726e+00
-8.315543695797197321e-01 1.326880912369382770e+00
-8.295530353569045001e-01 1.327146686751969895e+00
-8.275517011340893792e-01 1.329977518063207853e+00
-8.255503669112741472e-01 1.352346451168809693e+00
-8.235490326884589152e-01 1.410840775086146692e+00
-8.215476984656436832e-01 1.435191615855600844e+00
-8.195463642428284512e-01 1.438362589669416991e+00
-8.175450300200133302e-01 1.438702184108873183e+00
-8.155436957971980982e-01 1.438926568254371929e+00
-8.135423615743828663e-01 1.440890768559132340e+00
-8.115410273515676343e-01 1.460284377230491870e+00
-8.095396931287524023e-01 1.610080734131420499e+00
-8.075383589059372813e-01 1.975675676915495060e+00
-8.055370246831220493e-01 2.117677960477182708e+00
-8.035356904603068173e-01 2.135743829829360507e+00
-8.015343562374915853e-01 2.137515569046161801e+00
-7.995330220146763534e-01 2.137167478409079280e+00
-7.975316877918612324e-01 2.131823853758653797e+00
-7.955303535690460004e-01 2.078971797363603713e+00
-7.935290193462307684e-01 1.680453049409971200e+00
-7.915276851234155364e-01 7.749811003706064128e-01
-7.895263509006003044e-01 4.467525222168244881e-01
-7.875250166777851835e-01 4.058620835296355978e-01
-7.855236824549699515e-01 4.017691858190595156e-01
-7.835223482321547195e-01 4.015954100979790553e-01
-7.815210140093394875e-01 4.039005861832389854e-01
-7.795196797865242555e-01 4.269341077781660942e-01
-7.775183455637091345e-01 5.961188396490602059e-01
-7.755170113408939025e-01 9.530732061624487272e-01
-7.735156771180786706e-01 1.073879146706945065e+00
-7.715143428952634386e-01 1.088624506540762482e+00
-7.695130086724482066e-01 1.090031881878312348e+00
-7.675116744496329746e-01 1.089425216420885079e+00
-7.655103402268178536e-01 1.081798125270873712e+00
-7.635090060040026216e-01 1.007013620348876870e+00
-7.615076717811873896e-01 4.733674595109924610e-01
-7.595063375583721577e-01 -5.695163573870019036e-01
-7.575050033355569257e-01 -8.992256395084599063e-01
-7.555036691127418047e-01 -9.387313926247671247e-01
-7.535023348899265727e-01 -9.426198062979658232e-01
-7.515010006671113407e-01 -9.422974093878266899e-01
-7.494996664442961087e-01 -9.351133553223308637e-01
-7.474983322214808767e-01 -8.647378261852608494e-01
-7.454969979986657558e-01 -3.780541800444362499e-01
-7.434956637758505238e-01 5.007320933128749374e-01
-7.414943295530352918e-01 7.604574132663104447e-01
-7.394929953302200598e-01 7.910418428147603098e-01
-7.374916611074048278e-01 7.941342938933626527e-01
-7.354903268845897069e-01 7.947946177545321955e-01
-7.334889926617744749e-01 7.984781586773188611e-01
-7.314876584389592429e-01 8.339178852042505863e-01
-7.294863242161440109e-01 1.070727899123089966e+00
-7.274849899933287789e-01 1.464850702705057017e+00
-7.254836557705136579e-01 1.573841024363020535e+00
-7.234823215476984259e-01 1.586456137144539591e+00
-7.214809873248831940e-01 1.587636098553679043e+00
-7.194796531020679620e-01 1.586948873121260428e+00
-7.174783188792527300e-01 1.578735606184372697e+00
-7.154769846564376090e-01 1.499400804306241897e+00
-7.134756504336223770e-01 9.886156130551910781e-01
-7.114743162108071450e-01 2.069258438421768265e-01
-7.094729819879919130e-01 4.438758598411585155e-03
-7.074716477651766811e-01 -1.864916151793857835e-02
-7.054703135423615601e-01 -2.089660788030481275e-02
-7.034689793195463281e-01 -2.058477905594821578e-02
-7.014676450967310961e-01 -1.515651369914639002e-02
-6.994663108739158641e-01 3.709126243366819842e-02
-6.974649766511006321e-01 3.601375810920963705e-01
-6.954636424282855112e-01 8.136878464581496218e-01
-6.934623082054702792e-01 9.238799846589816900e-01
-6.914609739826550472e-01 9.362623724552385784e-01
-6.894596397598398152e-01 9.374312895917156219e-01
-6.874583055370245832e-01 9.369092825653322354e-01
-6.854569713142093512e-01 9.304082314930921527e-01
-6.834556370913942303e-01 8.684026744815828147e-01
-6.814543028685789983e-01 5.015242711532857944e-01
-6.794529686457637663e-01 3.001924203295636140e-02
-6.774516344229485343e-01 -7.758358341793414326e-02
-6.754503002001333023e-01 -8.952957184199694662e-02
-6.734489659773181813e-01 -9.079787213376155908e-02
-6.714476317545029493e-01 -9.175889643084000902e-02
-6.694462975316877174e-01 -1.003195270320272892e-01
-6.674449633088724854e-01 -1.810840296705592545e-01
-6.654436290860572534e-01 -6.367035543946879539e-01
-6.634422948632421324e-01 -1.171581941033125851e+00
-6.614409606404269004e-01 -1.286428939536471194e+00
-6.594396264176116684e-01 -1.299006257771395889e+00
-6.574382921947964364e-01 -1.300161337182225374e+00
-6.554369579719812045e-01 -1.299335132531767911e+00
-6.534356237491660835e-01 -1.289753794335294801e+00
-6.514342895263508515e-01 -1.199919810729897840e+00
-6.494329553035356195e-01 -7.185849574873585111e-01
-6.474316210807203875e-01 -2.034413488154374616e-01
-6.454302868579051555e-01 -9.917633515407872635e-02
-6.434289526350900346e-01 -8.787939614368575625e-02
-6.414276184122748026e-01 -8.677352358050002823e-02
-6.394262841894595706e-01 -8.679797775789141467e-02
-6.374249499666443386e-01 -8.814351133836859087e-02
-6.354236157438291066e-01 -1.007179064927850587e-01
-6.334222815210139856e-01 -1.644502689594757872e-01
-6.314209472981987536e-01 -2.265189136802399084e-01
-6.294196130753835217e-01 -2.383871004546689321e-01
-6.274182788525682897e-01 -2.396796428532953493e-01
-6.254169446297530577e-01 -2.400095054717621412e-01
-6.234156104069379367e-01 -2.421001500297673692e-01
-6.214142761841227047e-01 -2.630696286303120246e-01
-6.194129419613074727e-01 -4.553153087381556219e-01
-6.174116077384922407e-01 -1.372954208080285010e+00
-6.154102735156770088e-01 -2.184820518857631733e+00
-6.134089392928618878e-01 -2.331752619748280964e+00
-6.114076050700466558e-01 -2.347352649580864092e+00
-6.094062708472314238e-01 -2.348814117945692725e+00
-6.074049366244161918e-01 -2.348138464282812254e+00
-6.054036024016009598e-01 -2.339821013768272451e+00
-6.034022681787858389e-01 -2.264393157167214898e+00
-6.014009339559706069e-01 -1.926792045099233297e+00
-5.993995997331553749e-01 -1.655851808424782412e+00
-5.973982655103401429e-01 -1.609321460213194888e+00
-5.953969312875249109e-01 -1.604414484017313125e+00
-5.933955970647096789e-01 -1.603857931643443147e+00
-5.913942628418945580e-01 -1.603069793944352117e+00
-5.893929286190793260e-01 -1.595614495617965423e+00
-5.873915943962640940e-01 -1.529129756772495519e+00
-5.853902601734488620e-01 -1.251389415945552308e+00
-5.833889259506336300e-01 -1.049454447121500378e+00
-5.813875917278185090e-01 -1.016463922980738399e+00
-5.793862575050032770e-01 -1.013008613065591312e+00
-5.773849232821880451e-01 -1.012579839267793824e+00
-5.753835890593728131e-01 -1.011642945500720980e+00
-5.733822548365575811e-01 -1.002567259137718825e+00
-5.713809206137424601e-01 -9.229208273499209803e-01
-5.693795863909272281e-01 -6.138220431091585549e-01
-5.673782521681119961e-01 -4.104352703435599770e-01
-5.653769179452967641e-01 -3.787460369153891060e-01
-5.633755837224815322e-01 -3.754782789525944464e-01
-5.613742494996664112e-01 -3.753527621520025281e-01
-5.593729152768511792e-01 -3.773430001008910573e-01
-5.573715810540359472e-01 -3.976005760351120077e-01
-5.553702468312207152e-01 -5.722094873324986564e-01
-5.533689126084054832e-01 -1.198725152110727166e+00
-5.513675783855903623e-01 -1.571526548016131342e+00
-5.493662441627751303e-01 -1.627079594058763901e+00
-5.473649099399598983e-01 -1.632792465040610930e+00
-5.453635757171446663e-01 -1.633231931917695334e+00
-5.433622414943294343e-01 -1.632018807918353298e+00
-5.413609072715143133e-01 -1.619345097996187199e+00
-5.393595730486990814e-01 -1.512340904731106717e+00
-5.373582388258838494e-01 -1.159079381766438654e+00
-5.353569046030686174e-01 -9.690772588101663754e-01
-5.333555703802533854e-01 -9.419212394312035386e-01
-5.313542361574382644e-01 -9.391137284016498610e-01
-5.293529019346230324e-01 -9.385784424406198312e-01
-5.273515677118078004e-01 -9.358915774181710834e-01
-5.253502334889925685e-01 -9.093744073840683839e-01
-5.233488992661773365e-01 -6.908558146223432450e-01
-5.213475650433622155e-01 -3.031513156316478774e-02
-5.193462308205469835e-01 2.907668152667665096e-01
-5.173448965977317515e-01 3.348961877447854674e-01
-5.153435623749165195e-01 3.393902015400613870e-01
-5.133422281521012875e-01 3.397998051569526834e-01
-5.113408939292860556e-01 3.395076231883774054e-01
-5.093395597064709346e-01 3.361776118869729824e-01
-5.073382254836557026e-01 3.094275596680834961e-01
-5.053368912608404706e-01 2.357456914942908099e-01
-5.033355570380252386e-01 2.033691903830910919e-01
-5.013342228152100066e-01 1.990761648618127877e-01
-4.993328885923948857e-01 1.986254731644478966e-01
-4.973315543695795427e-01 1.984254590734255697e-01
-4.953302201467644217e-01 1.968225279996708155e-01
-4.933288859239493007e-01 1.809973040732759664e-01
-4.913275517011339577e-01 5.783812016449363380e-02
-4.893262174783188367e-01 -2.498002794502253154e-01
-4.873248832555034937e-01 -3.720718125104989782e-01
-4.853235490326883728e-01 -3.877465044250762438e-01
-4.833222148098732518e-01 -3.893342228754665957e-01
-4.813208805870579088e-01 -3.895373939835889976e-01
-4.793195463642427878e-01 -3.900357223919351246e-01
-4.773182121414274448e-01 -3.947979065801215937e-01
-4.753168779186123238e-01 -4.305981857844241589e-01
-4.733155436957972029e-01 -5.113170496306871371e-01
-4.713142094729818599e-01 -5.403661223698228433e-01
-4.693128752501667389e-01 -5.439808650484175834e-01
-4.673115410273513959e-01 -5.443799594787738227e-01
-4.653102068045362749e-01 -5.447801767938719175e-01
-4.633088725817211539e-01 -5.484872199133314918e-01
-4.613075383589058109e-01 -5.848011810138818989e-01
-4.593062041360906900e-01 -8.475070922938703344e-01
-4.573048699132753470e-01 -1.379751736142935892e+00
-4.553035356904602260e-01 -1.553441971974642399e+00
-4.533022014676451050e-01 -1.574433303477945412e+00
-4.513008672448297620e-01 -1.576494138530929012e+00
-4.492995330220146410e-01 -1.576246702844700254e+00
-4.472981987991992980e-01 -1.571653919967850976e+00
-4.452968645763841771e-01 -1.526692332655626316e+00
-4.432955303535690561e-01 -1.215273693061847515e+00
-4.412941961307537131e-01 -6.507863140119491963e-01
-4.392928619079385921e-01 -4.834152174941845903e-01
-4.372915276851232491e-01 -4.636954108926836238e-01
-4.352901934623081281e-01 -4.617572112229766379e-01
-4.332888592394930072e-01 -4.619069071306612928e-01
-4.312875250166776642e-01 -4.653722297205390990e-01
-4.292861907938625432e-01 -4.990968631994183169e-01
-4.272848565710472002e-01 -7.215464865511119763e-01
-4.252835223482320792e-01 -1.080820504039773589e+00
-4.232821881254169583e-01 -1.177843510965489671e+00
-4.212808539026016152e-01 -1.189019711064204676e+00
-4.192795196797864943e-01 -1.190165600828355652e+00
-4.172781854569711513e-01 -1.190598901375742091e+00
-4.152768512341560303e-01 -1.193893472454548688e+00
-4.132755170113409093e-01 -1.225423105447539296e+00
-4.112741827885255663e-01 -1.422315645141817075e+00
-4.092728485657104454e-01 -1.704571250026009288e+00
-4.072715143428951023e-01 -1.774198587915758463e+00
-4.052701801200799814e-01 -1.782051994162120456e+00
-4.032688458972648604e-01 -1.782826558755641777e+00
-4.012675116744495174e-01 -1.782834164658633425e+00
-3.992661774516343964e-01 -1.782141780362863637e+00
-3.972648432288190534e-01 -1.775486402660127139e+00
-3.952635090060039325e-01 -1.736375806421743606e+00
-3.932621747831888115e-01 -1.686784916821539193e+00
-3.912608405603734685e-01 -1.675572719547608891e+00
-3.892595063375583475e-01 -1.674335195421758682e+00
-3.872581721147430045e-01 -1.674253560604173963e+00
-3.852568378919278835e-01 -1.674665779365648310e+00
-3.832555036691125405e-01 -1.678957248261158774e+00
-3.812541694462974196e-01 -1.719326184678081404e+00
-3.792528352234822986e-01 -1.941028137720688385e+00
-3.772515010006669556e-01 -2.188885943918112531e+00
-3.752501667778518346e-01 -2.240450799463109544e+00
-3.732488325550364916e-01 -2.246077282367654249e+00
-3.712474983322213706e-01 -2.246735247785129896e+00
-3.692461641094062497e-01 -2.247822790557452155e+00
-3.672448298865909067e-01 -2.258263188739731753e+00
-3.652434956637757857e-01 -2.355115892197475524e+00
-3.632421614409604427e-01 -2.848747594866246402e+00
-3.612408272181453217e-01 -3.334007416035004390e+00
-3.592394929953302007e-01 -3.427290543362242925e+00
-3.572381587725148577e-01 -3.437290108815790113e+00
-3.552368245496997368e-01 -3.438136309762384268e+00
-3.532354903268843938e-01 -3.436759898517748546e+00
-3.512341561040692728e-01 -3.421906801331517478e+00
-3.492328218812541518e-01 -3.286075508550089452e+00
-3.472314876584388088e-01 -2.648325366527122249e+00
-3.452301534356236878e-01 -2.098307833199847483e+00
-3.432288192128083448e-01 -2.000153073872034337e+00
-3.412274849899932239e-01 -1.989754609769455840e+00
-3.392261507671781029e-01 -1.988761960652752459e+00
-3.372248165443627599e-01 -1.989019555877127754e+00
-3.352234823215476389e-01 -1.992617572453086128e+00
-3.332221480987322959e-01 -2.024996544910993901e+00
-3.312208138759171749e-01 -2.163975110127353219e+00
-3.292194796531020540e-01 -2.268947023115600370e+00
-3.272181454302867110e-01 -2.286424305901318288e+00
-3.252168112074715900e-01 -2.288266825506822588e+00
-3.232154769846562470e-01 -2.288562644942584434e+00
-3.212141427618411260e-01 -2.289752501523816264e+00
-3.192128085390260051e-01 -2.301524530049425810e+00
-3.172114743162106620e-01 -2.404929110079321752e+00
-3.152101400933955411e-01 -2.807491336447654362e+00
-3.132088058705801981e-01 -3.073475479993200921e+00
-3.112074716477650771e-01 -3.115001397004129924e+00
-3.092061374249499561e-01 -3.119332983322828046e+00
-3.072048032021346131e-01 -3.119994816312767316e+00
-3.052034689793194921e-01 -3.122450168328545050e+00
-3.032021347565041491e-01 -3.146623093102736579e+00
-3.012008005336890282e-01 -3.353694537294406253e+00
-2.991994663108739072e-01 -4.079139417714224614e+00
-2.971981320880585642e-01 -4.498229137119263754e+00
-2.951967978652434432e-01 -4.559902475869094474e+00
-2.931954636424281002e-01 -4.566247895154986303e+00
-2.911941294196129792e-01 -4.566883884244771430e+00
-2.891927951967978583e-01 -4.567057400306621773e+00
-2.871914609739825153e-01 -4.568183251774137865e+00
-2.851901267511673943e-01 -4.577500188020732885e+00
-2.831887925283520513e-01 -4.606641569992073748e+00
-2.811874583055369303e-01 -4.621363938484901013e+00
-2.791861240827218094e-01 -4.623413593836747992e+00
-2.771847898599064663e-01 -4.623587348155654198e+00
-2.751834556370913454e-01 -4.623241946072845998e+00
-2.731821214142760024e-01 -4.619519797105625436e+00
-2.711807871914608814e-01 -4.582509693898187741e+00
-2.691794529686457604e-01 -4.285034216872610102e+00
-2.671781187458304174e-01 -3.460613055306883012e+00
-2.651767845230152965e-01 -3.095994318282320634e+00
-2.631754503001999534e-01 -3.047559064697105136e+00
-2.611741160773848325e-01 -3.042688821313041192e+00
-2.591727818545697115e-01 -3.042656947494573494e+00
-2.571714476317543685e-01 -3.047201541956070514e+00
-2.551701134089392475e-01 -3.092604417854730059e+00
-2.531687791861239045e-01 -3.443179188952840697e+00
-2.511674449633087836e-01 -4.297623425868982494e+00
-2.491661107404936626e-01 -4.629054180896460480e+00
-2.471647765176783196e-01 -4.671211105437349964e+00
-2.451634422948631986e-01 -4.675442242792801295e+00
-2.431621080720478556e-01 -4.675628746643875289e+00
-2.411607738492327346e-01 -4.673314893907053680e+00
-2.391594396264176137e-01 -4.650173348601053469e+00
-2.371581054036022707e-01 -4.479653293376512302e+00
-2.351567711807871497e-01 -4.116728424132467978e+00
-2.331554369579718067e-01 -3.992921743924673805e+00
-2.311541027351566857e-01 -3.977769137282084699e+00
-2.291527685123415647e-01 -3.976253125545254452e+00
-2.271514342895262217e-01 -3.976162366341230214e+00
-2.251501000667111008e-01 -3.976744657885693979e+00
-2.231487658438957578e-01 -3.982567760513584965e+00
-2.211474316210806368e-01 -4.023210424170921229e+00
-2.191460973982652938e-01 -4.098252094201505713e+00
-2.171447631754501728e-01 -4.120849393230211710e+00
-2.151434289526350518e-01 -4.123523344372296506e+00
-2.131420947298197088e-01 -4.123795379561154384e+00
-2.111407605070045879e-01 -4.123868750256001192e+00
-2.091394262841892449e-01 -4.124349238113321547e+00
-2.071380920613741239e-01 -4.128971195183032350e+00
-2.051367578385590029e-01 -4.159262474108740726e+00
-2.031354236157436599e-01 -4.207491230812278715e+00
-2.011340893929285389e-01 -4.220370968918480514e+00
-1.991327551701131959e-01 -4.221850746497334050e+00
-1.971314209472980750e-01 -4.222002922085485110e+00
-1.951300867244829540e-01 -4.222065421936483709e+00
-1.931287525016676110e-01 -4.222553507662192729e+00
-1.911274182788524900e-01 -4.227209307406860184e+00
-1.891260840560371470e-01 -4.255608118333488399e+00
-1.871247498332220260e-01 -4.294391145830322998e+00
-1.851234156104069051e-01 -4.303627613920028239e+00
-1.831220813875915621e-01 -4.304660280567548902e+00
-1.811207471647764411e-01 -4.304749634893323851e+00
-1.791194129419610981e-01 -4.304622918272736243e+00
-1.771180787191459771e-01 -4.303239326546997923e+00
-1.751167444963308562e-01 -4.290167484613094828e+00
-1.731154102735155131e-01 -4.216693896009086728e+00
-1.711140760507003922e-01 -4.131021220701767582e+00
-1.691127418278850492e-01 -4.112707344353291994e+00
-1.671114076050699282e-01 -4.110703783927102783e+00
-1.651100733822548072e-01 -4.110523060786729133e+00
-1.631087391594394642e-01 -4.110688227487575119e+00
-1.611074049366243433e-01 -4.112552256410323182e+00
-1.591060707138090002e-01 -4.129887660258746429e+00
-1.571047364909938793e-01 -4.218721475432970713e+00
-1.551034022681787583e-01 -4.306836553608964557e+00
-1.531020680453634153e-01 -4.323867387457414502e+00
-1.511007338225482943e-01 -4.325713279943710354e+00
-1.490993995997329513e-01 -4.326058805013889952e+00
-1.470980653769178303e-01 -4.327752213107462609e+00
-1.450967311541027094e-01 -4.344648164026659209e+00
-1.430953969312873664e-01 -4.498559593840029791e+00
-1.410940627084722454e-01 -5.209624740291214806e+00
-1.390927284856569024e-01 -5.807967583215850382e+00
-1.370913942628417814e-01 -5.913334452662294183e+00
-1.350900600400266605e-01 -5.924486855819652398e+00
-1.330887258172113174e-01 -5.925700603707298342e+00
-1.310873915943961965e-01 -5.926960748110199795e+00
-1.290860573715808535e-01 -5.938557302010780248e+00
-1.270847231487657325e-01 -6.041621353614441858e+00
-1.250833889259506115e-01 -6.466000212955388626e+00
-1.230820547031352685e-01 -6.768439921875309295e+00
-1.210807204803201476e-01 -6.817369519306141434e+00
-1.190793862575048045e-01 -6.822466066570903820e+00
-1.170780520346896836e-01 -6.822890086835273316e+00
-1.150767178118745626e-01 -6.822129725982898130e+00
-1.130753835890592196e-01 -6.814018367496963435e+00
-1.110740493662440986e-01 -6.743886020284389105e+00
-1.090727151434287556e-01 -6.489462019255871184e+00
-1.070713809206136347e-01 -6.335972339637267581e+00
-1.050700466977985137e-01 -6.312962662438474482e+00
-1.030687124749831707e-01 -6.310579352807063280e+00
-1.010673782521680497e-01 -6.310241935597280971e+00
-9.906604402935270670e-02 -6.309164668610114823e+00
-9.706470980653758573e-02 -6.298637850811726224e+00
-9.506337558372246477e-02 -6.210839941198669223e+00
-9.306204136090712176e-02 -5.933412543865809852e+00
-9.106070713809200079e-02 -5.791616268295175729e+00
-8.905937291527665778e-02 -5.771751805912153088e+00
-8.705803869246153681e-02 -5.769703691003706503e+00
-8.505670446964641584e-02 -5.769312771708299259e+00
-8.305537024683107283e-02 -5.767348488581219179e+00
-8.105403602401595187e-02 -5.748033187560040780e+00
-7.905270180120060886e-02 -5.593631737468960807e+00
-7.705136757838548789e-02 -5.173324092307228561e+00
-7.505003335557036692e-02 -4.990911872170503472e+00
-7.304869913275502391e-02 -4.966834912451966844e+00
-7.104736490993990294e-02 -4.964384579507562734e+00
-6.904603068712455993e-02 -4.964045519634550097e+00
-6.704469646430943897e-02 -4.963015449969889303e+00
-6.504336224149431800e-02 -4.953080891237115146e+00
-6.304202801867897499e-02 -4.877641847016604970e+00
-6.104069379586385402e-02 -4.702551024228233345e+00
-5.903935957304851101e-02 -4.637783128785423870e+00
-5.703802535023339004e-02 -4.629666990022029083e+00
-5.503669112741826908e-02 -4.628874657021430750e+00
-5.303535690460292606e-02 -4.629052797281011600e+00
-5.103402268178780510e-02 -4.631671101548801239e+00
-4.903268845897246209e-02 -4.657376836528922759e+00
-4.703135423615734112e-02 -4.841023906611057193e+00
-4.503002001334199811e-02 -5.201007481865074666e+00
-4.302868579052687714e-02 -5.315118388423371698e+00
-4.102735156771175618e-02 -5.328807693849324068e+00
-3.902601734489641316e-02 -5.330224873692090526e+00
-3.702468312208129220e-02 -5.330830527011140241e+00
-3.502334889926594919e-02 -5.335623131972833555e+00
-3.302201467645082822e-02 -5.381934529600703954e+00
-3.102068045363570725e-02 -5.689568816468653978e+00
-2.901934623082036424e-02 -6.194581278938718683e+00
-2.701801200800524327e-02 -6.332722613705883852e+00
-2.501667778518990026e-02 -6.348681449059881743e+00
-2.301534356237477930e-02 -6.350291850033873864e+00
-2.101400933955965833e-02 -6.350638823593373949e+00
-1.901267511674431532e-02 -6.352586503221671954e+00
-1.701134089392919435e-02 -6.371073008451065611e+00
-1.501000667111385134e-02 -6.483799588883174536e+00
-1.300867244829873037e-02 -6.637664346017565720e+00
-1.100733822548360941e-02 -6.674294621632713032e+00
-9.006004002668266395e-03 -6.678389715303394425e+00
-7.004669779853145428e-03 -6.678744470061762861e+00
-5.003335557037802417e-03 -6.678246298962738692e+00
-3.002001334222681450e-03 -6.672805170986313428e+00
-1.000667111407560483e-03 -6.621554334591007063e+00
1.000667111407782528e-03 -6.338637796480537823e+00
3.002001334222903495e-03 -6.019407609364431089e+00
5.003335557038246506e-03 -5.952602068298350702e+00
7.004669779853367473e-03 -5.945317502079398686e+00
9.006004002668488440e-03 -5.944599554729355972e+00
1.100733822548383145e-02 -5.944570404558993104e+00
1.300867244829895242e-02 -5.944984542923140935e+00
1.501000667111429543e-02 -5.948867149097302409e+00
1.701134089392941640e-02 -5.967982544752072904e+00
1.901267511674453736e-02 -5.985737800624899130e+00
2.101400933955988037e-02 -5.989039888194042760e+00
2.301534356237500134e-02 -5.989387329127328741e+00
2.501667778519034435e-02 -5.989370898610129501e+00
2.701801200800546532e-02 -5.988851859569253477e+00
2.901934623082058629e-02 -5.983592451066376938e+00
3.102068045363592930e-02 -5.936320148961703680e+00
3.302201467645105026e-02 -5.732030831867474419e+00
3.502334889926639327e-02 -5.576217278141095690e+00
3.702468312208151424e-02 -5.550148806995328421e+00
3.902601734489663521e-02 -5.547412475735601589e+00
4.102735156771197822e-02 -5.547115505191859697e+00
4.302868579052709919e-02 -5.546812560880020726e+00
4.503002001334244220e-02 -5.544036665607174008e+00
4.703135423615756316e-02 -5.519905757953724290e+00
4.903268845897268413e-02 -5.429787757679506832e+00
5.103402268178802714e-02 -5.373380458517077685e+00
5.303535690460314811e-02 -5.364788084469894081e+00
5.503669112741849112e-02 -5.363909261903012649e+00
5.703802535023361209e-02 -5.363919414122419127e+00
5.903935957304873305e-02 -5.364905427952730399e+00
6.104069379586407607e-02 -5.374834700775645402e+00
6.304202801867919703e-02 -5.457799689735973736e+00
6.504336224149454004e-02 -5.721449247086793477e+00
6.704469646430966101e-02 -5.857085883878625054e+00
6.904603068712478198e-02 -5.876133089841792945e+00
7.104736490994012499e-02 -5.878073565186314298e+00
7.304869913275524596e-02 -5.878200830895589313e+00
7.505003335557058897e-02 -5.877564699822130478e+00
7.705136757838570993e-02 -5.871067439321388193e+00
7.905270180120083090e-02 -5.819447223673108738e+00
8.105403602401617391e-02 -5.681894641827102355e+00
8.305537024683129488e-02 -5.623510442866717085e+00
8.505670446964663789e-02 -5.615861897607482334e+00
8.705803869246175886e-02 -5.615080945725306805e+00
8.905937291527687982e-02 -5.614939308128732876e+00
9.106070713809222283e-02 -5.614266441469439428e+00
9.306204136090734380e-02 -5.607714827238675426e+00
9.506337558372268681e-02 -5.558839945374067781e+00
9.706470980653780778e-02 -5.451093220837444520e+00
9.906604402935292875e-02 -5.413125804905115857e+00
1.010673782521682718e-01 -5.408432845271088141e+00
1.030687124749833927e-01 -5.407938190584520299e+00
1.050700466977987357e-01 -5.407656793916773452e+00
1.070713809206138567e-01 -5.405265576450767995e+00
1.090727151434289777e-01 -5.382009735403308071e+00
1.110740493662443207e-01 -5.221315357536248314e+00
1.130753835890594416e-01 -4.931688160595941284e+00
1.150767178118747847e-01 -4.846220331169099005e+00
1.170780520346899056e-01 -4.836166343744377372e+00
1.190793862575050266e-01 -4.835216318267622881e+00
1.210807204803203696e-01 -4.835683931957947657e+00
1.230820547031354906e-01 -4.841417318055087904e+00
1.250833889259508336e-01 -4.896625987949938974e+00
1.270847231487659545e-01 -5.244284307702210768e+00
1.290860573715812976e-01 -5.751496431240640916e+00
1.310873915943964185e-01 -5.878248092309682704e+00
1.330887258172115395e-01 -5.892588355661179556e+00
1.350900600400268825e-01 -5.894030067093121161e+00
1.370913942628420035e-01 -5.894320931276477715e+00
1.390927284856573465e-01 -5.895860666523315530e+00
1.410940627084724674e-01 -5.910275554761574845e+00
1.430953969312875884e-01 -5.991507946219673642e+00
1.450967311541029314e-01 -6.086697273340835324e+00
1.470980653769180524e-01 -6.107112145854987517e+00
1.490993995997333954e-01 -6.109354121746772392e+00
1.511007338225485164e-01 -6.109629421267085192e+00
1.531020680453636373e-01 -6.110196318901930823e+00
1.551034022681789803e-01 -6.115702363430948196e+00
1.571047364909941013e-01 -6.166506520421483728e+00
1.591060707138094443e-01 -6.417816167415756112e+00
1.611074049366245653e-01 -6.653087566185333479e+00
1.631087391594396863e-01 -6.697046371494410621e+00
1.651100733822550293e-01 -6.701736858434681920e+00
1.671114076050701502e-01 -6.702152648789061473e+00
1.691127418278854933e-01 -6.701703717357698764e+00
1.711140760507006142e-01 -6.696731809573561733e+00
1.731154102735157352e-01 -6.652153463088099627e+00
1.751167444963310782e-01 -6.462493276345754545e+00
1.771180787191461992e-01 -6.321019601827815748e+00
1.791194129419615422e-01 -6.297614634926130606e+00
1.811207471647766631e-01 -6.295180783393764301e+00
1.831220813875917841e-01 -6.295106158979199229e+00
1.851234156104071271e-01 -6.296784752612805569e+00
1.871247498332222481e-01 -6.313839247951307243e+00
1.891260840560375911e-01 -6.460810963262579421e+00
1.911274182788527121e-01 -6.987779485028342563e+00
1.931287525016678330e-01 -7.301063159602680486e+00
1.951300867244831760e-01 -7.347727060554580802e+00
1.971314209472982970e-01 -7.352504630497575633e+00
1.991327551701136400e-01 -7.352658372673452014e+00
2.011340893929287610e-01 -7.349447708318301409e+00
2.031354236157438820e-01 -7.317007245734044041e+00
2.051367578385592250e-01 -7.051106065412710677e+00
2.071380920613743459e-01 -6.263190877398868039e+00
2.091394262841896889e-01 -5.888570261832279940e+00
2.111407605070048099e-01 -5.837501394394214671e+00
2.131420947298199309e-01 -5.832309171218462041e+00
2.151434289526352739e-01 -5.831865189458272702e+00
2.171447631754503949e-01 -5.832502388131628024e+00
2.191460973982657379e-01 -5.839290681552407491e+00
2.211474316210808588e-01 -5.891509276848216459e+00
2.231487658438959798e-01 -6.017106503091821601e+00
2.251501000667113228e-01 -6.065195966778808234e+00
2.271514342895264438e-01 -6.071287580313370569e+00
2.291527685123417868e-01 -6.071894941700152870e+00
2.311541027351569078e-01 -6.071883537709409140e+00
2.331554369579720287e-01 -6.071160087542320838e+00
2.351567711807873717e-01 -6.064028619131458520e+00
2.371581054036024927e-01 -6.013467282415412285e+00
2.391594396264178357e-01 -5.916301257244894529e+00
2.411607738492329567e-01 -5.886025657434336367e+00
2.431621080720480776e-01 -5.882413316487435040e+00
2.451634422948634207e-01 -5.882070186043394600e+00
2.471647765176785416e-01 -5.882225834586861879e+00
2.491661107404938846e-01 -5.884161623724684986e+00
2.511674449633090056e-01 -5.902853743940087661e+00
2.531687791861241266e-01 -6.022667871275006135e+00
2.551701134089394696e-01 -6.204260599598192982e+00
2.571714476317545905e-01 -6.250955755099294464e+00
2.591727818545699336e-01 -6.256276105700447232e+00
2.611741160773850545e-01 -6.256845301304789331e+00
2.631754503002001755e-01 -6.257302453006845511e+00
2.651767845230155185e-01 -6.261408745498110662e+00
2.671781187458306395e-01 -6.300181242448328334e+00
2.691794529686459825e-01 -6.519881319358376004e+00
2.711807871914611034e-01 -6.779924411546986107e+00
2.731821214142762244e-01 -6.836061718482298488e+00
2.751834556370915674e-01 -6.842215168110280743e+00
2.771847898599066884e-01 -6.842771416326359102e+00
2.791861240827220314e-01 -6.842275254050515620e+00
2.811874583055371524e-01 -6.836667676430963958e+00
2.831887925283522733e-01 -6.784968214699870437e+00
2.851901267511676163e-01 -6.532243284034286113e+00
2.871914609739827373e-01 -6.300101788523861046e+00
2.891927951967980803e-01 -6.257196321064099287e+00
2.911941294196132013e-01 -6.252633695634342459e+00
2.931954636424283223e-01 -6.252299471480945670e+00
2.951967978652436653e-01 -6.253457544026796100e+00
2.971981320880587862e-01 -6.265544339755876990e+00
2.991994663108741292e-01 -6.373063867772273738e+00
3.012008005336892502e-01 -6.815097283193374267e+00
3.032021347565045932e-01 -7.129435636425233369e+00
3.052034689793197142e-01 -7.180237475850288931e+00
3.072048032021348352e-01 -7.185533919073156639e+00
3.092061374249501782e-01 -7.186033172136697900e+00
3.112074716477652991e-01 -7.185845640818189217e+00
3.132088058705806422e-01 -7.183462106744820552e+00
3.152101400933957631e-01 -7.163194362406695603e+00
3.172114743162108841e-01 -7.094852650415926831e+00
3.192128085390262271e-01 -7.057160156970305742e+00
3.212141427618413481e-01 -7.051717504393046454e+00
3.232154769846566911e-01 -7.051147591555471550e+00
3.252168112074718120e-01 -7.050973842292664884e+00
3.272181454302869330e-01 -7.049760155485548907e+00
3.292194796531022760e-01 -7.037763090891052897e+00
3.312208138759173970e-01 -6.942080885804083223e+00
3.332221480987327400e-01 -6.683622199277568399e+00
3.352234823215478610e-01 -6.572355505286232358e+00
3.372248165443629819e-01 -6.557711718174704885e+00
3.392261507671783249e-01 -6.556242611692548294e+00
3.412274849899934459e-01 -6.556249405745338876e+00
3.432288192128087889e-01 -6.557787594946753451e+00
3.452301534356239099e-01 -6.573042439427551287e+00
3.472314876584390309e-01 -6.685268862442491411e+00
3.492328218812543739e-01 -6.923127383774994925e+00
3.512341561040694948e-01 -7.003960864772901473e+00
3.532354903268848378e-01 -7.013846065344240266e+00
3.552368245496999588e-01 -7.014863579620469025e+00
3.572381587725150798e-01 -7.015217585449088133e+00
3.592394929953304228e-01 -7.017829981454438482e+00
3.612408272181455438e-01 -7.043044446999680019e+00
3.632421614409608868e-01 -7.210228091896826896e+00
3.652434956637760077e-01 -7.483521670780000967e+00
3.672448298865911287e-01 -7.558029066495507209e+00
3.692461641094064717e-01 -7.566623119636623152e+00
3.712474983322215927e-01 -7.567423039819612285e+00
3.732488325550369357e-01 -7.566917921071055986e+00
3.752501667778520567e-01 -7.560957928681708573e+00
3.772515010006671776e-01 -7.504288531661102546e+00
3.792528352234825206e-01 -7.174485714842946393e+00
3.812541694462976416e-01 -6.763981654886375594e+00
3.832555036691129846e-01 -6.672332704025677685e+00
3.852568378919281056e-01 -6.662229560031170728e+00
3.872581721147432265e-01 -6.661424356396395297e+00
3.892595063375585696e-01 -6.663358615353639713e+00
3.912608405603736905e-01 -6.683874973106063599e+00
3.932621747831890335e-01 -6.873432033417468112e+00
3.952635090060041545e-01 -7.813561914337169512e+00
3.972648432288192755e-01 -8.697408238908582945e+00
3.992661774516346185e-01 -8.862949467861634290e+00
4.012675116744497394e-01 -8.880627649680276292e+00
4.032688458972650825e-01 -8.882268036470780004e+00
4.052701801200802034e-01 -8.881329253953907710e+00
4.072715143428953244e-01 -8.870181049948605789e+00
4.092728485657106674e-01 -8.770965085195287614e+00
4.112741827885257884e-01 -8.364324155107864200e+00
4.132755170113411314e-01 -8.076381204059810415e+00
4.152768512341562523e-01 -8.029940449452137585e+00
4.172781854569713733e-01 -8.025098914383921311e+00
4.192795196797867163e-01 -8.024629401290775732e+00
4.212808539026018373e-01 -8.024665584584104394e+00
4.232821881254171803e-01 -8.025490916150943121e+00
4.252835223482323013e-01 -8.032486037561731962e+00
4.272848565710474222e-01 -8.055473156985105021e+00
4.292861907938627652e-01 -8.067768733076793097e+00
4.312875250166778862e-01 -8.069520813095824252e+00
4.332888592394932292e-01 -8.069687528552616840e+00
4.352901934623083502e-01 -8.069574063682340537e+00
4.372915276851234712e-01 -8.068241876104655930e+00
4.392928619079388142e-01 -8.055025010863536394e+00
4.412941961307539351e-01 -7.951321907368981812e+00
4.432955303535692781e-01 -7.685609792897137638e+00
4.452968645763843991e-01 -7.577267265817343223e+00
4.472981987991995201e-01 -7.563264202835007666e+00
4.492995330220148631e-01 -7.561859747284636057e+00
4.513008672448299841e-01 -7.561836795276486001e+00
4.533022014676453271e-01 -7.563004316394827953e+00
4.553035356904604480e-01 -7.574562087183585923e+00
4.573048699132755690e-01 -7.656989861293885369e+00
4.593062041360909120e-01 -7.817803021100555583e+00
4.613075383589060330e-01 -7.868569505130707853e+00
4.633088725817213760e-01 -7.874649844131303311e+00
4.653102068045364970e-01 -7.875247353501293901e+00
4.673115410273518400e-01 -7.875188183324143942e+00
4.693128752501669609e-01 -7.873987228317503195e+00
4.713142094729820819e-01 -7.862386727167436362e+00
4.733155436957974249e-01 -7.789351848064329786e+00
4.753168779186125459e-01 -7.682853395478066005e+00
4.773182121414278889e-01 -7.656250134784672312e+00
4.793195463642430099e-01 -7.653244586298383112e+00
4.813208805870581308e-01 -7.652983275253022910e+00
4.833222148098734738e-01 -7.653342737712362620e+00
4.853235490326885948e-01 -7.657272295239717863e+00
4.873248832555039378e-01 -7.694117340506453573e+00
4.893262174783190588e-01 -7.892173351209700094e+00
4.913275517011341798e-01 -8.105342123905433738e+00
4.933288859239495228e-01 -8.148638846188120510e+00
4.953302201467646437e-01 -8.153325630057405959e+00
4.973315543695799867e-01 -8.153708608443800188e+00
4.993328885923951077e-01 -8.152918218761351810e+00
5.013342228152102287e-01 -8.144501574436651126e+00
5.033355570380253496e-01 -8.068438217810255608e+00
5.053368912608409147e-01 -7.731700032250079957e+00
5.073382254836560357e-01 -7.465752475087507278e+00
5.093395597064711566e-01 -7.420458727894669870e+00
5.113408939292862776e-01 -7.415693826684924161e+00
5.133422281521013986e-01 -7.415206975467850015e+00
5.153435623749169636e-01 -7.414992214424470873e+00
5.173448965977320846e-01 -7.413299032735041649e+00
5.193462308205472056e-01 -7.398817561824266420e+00
5.213475650433623265e-01 -7.347899032153542009e+00
5.233488992661774475e-01 -7.318350774469415398e+00
5.253502334889930125e-01 -7.313995356806167081e+00
5.273515677118081335e-01 -7.313558947222242423e+00
5.293529019346232545e-01 -7.313635868182482014e+00
5.313542361574383754e-01 -7.314863332630192616e+00
5.333555703802534964e-01 -7.327092590773602865e+00
5.353569046030690615e-01 -7.424622395373830841e+00
5.373582388258841824e-01 -7.687966956597733770e+00
5.393595730486993034e-01 -7.801290201945304759e+00
5.413609072715144244e-01 -7.816206958699472018e+00
5.433622414943295453e-01 -7.817748688743298757e+00
5.453635757171451104e-01 -7.818207917672213902e+00
5.473649099399602314e-01 -7.821378093184109481e+00
5.493662441627753523e-01 -7.852311642019968119e+00
5.513675783855904733e-01 -8.075607833378038336e+00
5.533689126084055943e-01 -8.525447798461708970e+00
5.553702468312211593e-01 -8.671509724974985289e+00
5.573715810540362803e-01 -8.689137764472402381e+00
5.593729152768514012e-01 -8.690869716850954774e+00
5.613742494996665222e-01 -8.690678424303648342e+00
5.633755837224816432e-01 -8.686994427472903624e+00
5.653769179452972082e-01 -8.651398014085501131e+00
5.673782521681123292e-01 -8.426434778595485398e+00
5.693795863909274502e-01 -8.095730221100927437e+00
5.713809206137425711e-01 -8.012620670605787865e+00
5.733822548365576921e-01 -8.003204765408732158e+00
5.753835890593732572e-01 -8.002244260839882273e+00
5.773849232821883781e-01 -8.001911909618714347e+00
5.793862575050034991e-01 -7.999472624116045871e+00
5.813875917278186201e-01 -7.976741692855959798e+00
5.833889259506337410e-01 -7.855802234890101765e+00
5.853902601734493061e-01 -7.727930272189779792e+00
5.873915943962644270e-01 -7.702243346512830158e+00
5.893929286190795480e-01 -7.699468576933496955e+00
5.913942628418946690e-01 -7.699242688774058152e+00
5.933955970647097899e-01 -7.699718731487381618e+00
5.953969312875253550e-01 -7.704779761642371660e+00
5.973982655103404760e-01 -7.750230791155011900e+00
5.993995997331555969e-01 -7.945439224290068658e+00
6.014009339559707179e-01 -8.093017491509773009e+00
6.034022681787858389e-01 -8.117597926070221348e+00
6.054036024016014039e-01 -8.120169660148951252e+00
6.074049366244165249e-01 -8.120381572372579626e+00
6.094062708472316459e-01 -8.119975706461604048e+00
6.114076050700467668e-01 -8.115670994861391208e+00
6.134089392928618878e-01 -8.079254468025935054e+00
6.154102735156774528e-01 -7.958175221602228788e+00
6.174116077384925738e-01 -7.892504909431062643e+00
6.194129419613076948e-01 -7.883088322175606955e+00
6.214142761841228157e-01 -7.882123580506524618e+00
6.234156104069379367e-01 -7.882033041663897066e+00
6.254169446297535018e-01 -7.882069520534026097e+00
6.274182788525686227e-01 -7.882521807495239230e+00
6.294196130753837437e-01 -7.886039789564381230e+00
6.314209472981988647e-01 -7.894758150383204942e+00
6.334222815210139856e-01 -7.898195932262595420e+00
6.354236157438295507e-01 -7.898634398906334120e+00
6.374249499666446717e-01 -7.898667231669193711e+00
6.394262841894597926e-01 -7.898553814794106565e+00
6.414276184122749136e-01 -7.897358345006578517e+00
6.434289526350900346e-01 -7.885709986392631876e+00
6.454302868579055996e-01 -7.805430124569802786e+00
6.474316210807207206e-01 -7.661659723628144292e+00
6.494329553035358416e-01 -7.619457982214513869e+00
6.514342895263509625e-01 -7.614494402761430081e+00
6.534356237491660835e-01 -7.613965255677813460e+00
6.554369579719816485e-01 -7.613576383525304969e+00
6.574382921947967695e-01 -7.610126173271902772e+00
6.594396264176118905e-01 -7.577363622316859448e+00
6.614409606404270114e-01 -7.385006085631057537e+00
6.634422948632421324e-01 -7.141469795479832072e+00
6.654436290860576975e-01 -7.086461897238251595e+00
6.674449633088728184e-01 -7.080366062149900941e+00
6.694462975316879394e-01 -7.079700396224891890e+00
6.714476317545030604e-01 -7.079018633207391886e+00
6.734489659773181813e-01 -7.072733116801234843e+00
6.754503002001337464e-01 -7.015159190187764793e+00
6.774516344229488674e-01 -6.740382494539099767e+00
6.794529686457639883e-01 -6.497327956071780264e+00
6.814543028685791093e-01 -6.453342275713724874e+00
6.834556370913942303e-01 -6.448646453195133965e+00
6.854569713142097953e-01 -6.447942270628834294e+00
6.874583055370249163e-01 -6.445428355261700659e+00
6.894596397598400372e-01 -6.420668479879347856e+00
6.914609739826551582e-01 -6.205805552742698517e+00
6.934623082054702792e-01 -5.411792974016907287e+00
6.954636424282858442e-01 -4.921443947815477671e+00
6.974649766511009652e-01 -4.847184525744569150e+00
6.994663108739160862e-01 -4.839507833866978359e+00
7.014676450967312071e-01 -4.838688464376961207e+00
7.034689793195463281e-01 -4.837968763657945814e+00
7.054703135423618932e-01 -4.831549199040740206e+00
7.074716477651770141e-01 -4.780216868335953606e+00
7.094729819879921351e-01 -4.639864453110435605e+00
7.114743162108072561e-01 -4.578668736430518749e+00
7.134756504336223770e-01 -4.570578138704147975e+00
7.154769846564379421e-01 -4.569750661614605747e+00
7.174783188792530630e-01 -4.569596321283086127e+00
7.194796531020681840e-01 -4.568840161360683716e+00
7.214809873248833050e-01 -4.561517579371320963e+00
7.234823215476988700e-01 -4.509339178240161061e+00
7.254836557705139910e-01 -4.407709967406727714e+00
7.274849899933291120e-01 -4.375672937034803311e+00
7.294863242161442329e-01 -4.371834694588084602e+00
7.314876584389593539e-01 -4.371430680536308344e+00
7.334889926617749190e-01 -4.371191620651721621e+00
7.354903268845900399e-01 -4.369147894404226129e+00
7.374916611074051609e-01 -4.349649154036966614e+00
7.394929953302202819e-01 -4.231390200188593020e+00
7.414943295530354028e-01 -4.071748016008805315e+00
7.434956637758509679e-01 -4.034039497332745583e+00
7.454969979986660888e-01 -4.029822049196511990e+00
7.474983322214812098e-01 -4.029365981310742306e+00
7.494996664442963308e-01 -4.028944725833254026e+00
7.515010006671114517e-01 -4.025103282877370958e+00
7.535023348899270168e-01 -3.989746805230701909e+00
7.555036691127421378e-01 -3.816566288857233147e+00
7.575050033355572587e-01 -3.656977412720754828e+00
7.595063375583723797e-01 -3.627426697623656437e+00
7.615076717811875007e-01 -3.624275396019109863e+00
7.635090060040030657e-01 -3.623964264272522939e+00
7.655103402268181867e-01 -3.623938434515228124e+00
7.675116744496333077e-01 -3.623983015475870317e+00
7.695130086724484286e-01 -3.624396943639046853e+00
7.715143428952635496e-01 -3.625947680967222198e+00
7.735156771180791146e-01 -3.626921466344857237e+00
7.755170113408942356e-01 -3.627070512201070684e+00
7.775183455637093566e-01 -3.627090917157500982e+00
7.795196797865244775e-01 -3.627143870853862140e+00
7.815210140093395985e-01 -3.627667343554684010e+00
7.835223482321551636e-01 -3.632864350340627269e+00
7.855236824549702845e-01 -3.674391212634647630e+00
7.875250166777854055e-01 -3.787249374715896622e+00
7.895263509006005265e-01 -3.836145323821298803e+00
7.915276851234156474e-01 -3.842595619711392629e+00
7.935290193462312125e-01 -3.843254266806312103e+00
7.955303535690463335e-01 -3.843368205670161686e+00
7.975316877918614544e-01 -3.843878625104911961e+00
7.995330220146765754e-01 -3.848804361107724503e+00
8.015343562374916964e-01 -3.883499578902750216e+00
8.035356904603072614e-01 -3.949107564386544311e+00
8.055370246831223824e-01 -3.969269265725053231e+00
8.075383589059375034e-01 -3.971671457632272251e+00
8.095396931287526243e-01 -3.971954691174188312e+00
8.115410273515677453e-01 -3.972418952346449927e+00
8.135423615743833103e-01 -3.976885029193649501e+00
8.155436957971984313e-01 -4.019362074418351582e+00
8.175450300200135523e-01 -4.269917414542554468e+00
8.195463642428286732e-01 -4.590005125796206897e+00
8.215476984656437942e-01 -4.662751314268332337e+00
8.235490326884593593e-01 -4.670813477390280966e+00
8.255503669112744802e-01 -4.671595858263685841e+00
8.275517011340896012e-01 -4.671488024669407935e+00
8.295530353569047222e-01 -4.669615863081533647e+00
8.315543695797198431e-01 -4.652466533379767455e+00
8.335557038025354082e-01 -4.572669644489341323e+00
8.355570380253505292e-01 -4.504795323446137090e+00
8.375583722481656501e-01 -4.492773492110588407e+00
8.395597064709807711e-01 -4.491503172985623848e+00
8.415610406937958921e-01 -4.491398978788399887e+00
8.435623749166114571e-01 -4.491605756538541883e+00
8.455637091394265781e-01 -4.493797624113961220e+00
8.475650433622416990e-01 -4.512517331861888081e+00
8.495663775850568200e-01 -4.577128946868109338e+00
8.515677118078719410e-01 -4.613781619951664581e+00
8.535690460306875060e-01 -4.619135963672915679e+00
8.555703802535026270e-01 -4.619700366034971140e+00
8.575717144763177480e-01 -4.619900721477041117e+00
8.595730486991328689e-01 -4.621392482010284297e+00
8.615743829219479899e-01 -4.636087872545495259e+00
8.635757171447635550e-01 -4.749316132597487083e+00
8.655770513675786759e-01 -5.023620240346977184e+00
8.675783855903937969e-01 -5.129390202517090103e+00
8.695797198132089179e-01 -5.142817992594972409e+00
8.715810540360240388e-01 -5.144157993290550124e+00
8.735823882588396039e-01 -5.144141348163348226e+00
8.755837224816547248e-01 -5.142634008035850357e+00
8.775850567044698458e-01 -5.127910340850094784e+00
8.795863909272849668e-01 -5.030415342541919799e+00
8.815877251501000877e-01 -4.871569345654002348e+00
8.835890593729156528e-01 -4.828376507522362360e+00
8.855903935957307738e-01 -4.823393974505673754e+00
8.875917278185458947e-01 -4.822893733501796731e+00
8.895930620413610157e-01 -4.822810788072484200e+00
8.915943962641761367e-01 -4.822460677237133453e+00
8.935957304869917017e-01 -4.819227353361473121e+00
8.955970647098068227e-01 -4.801933175374385243e+00
8.975983989326219437e-01 -4.783475467797837055e+00
8.995997331554370646e-01 -4.779747011782106370e+00
9.016010673782521856e-01 -4.779353218350378185e+00
9.036024016010677506e-01 -4.779417271023874036e+00
9.056037358238828716e-01 -4.780473334859710377e+00
9.076050700466979926e-01 -4.791126882066889081e+00
9.096064042695131135e-01 -4.885488195308797188e+00
9.116077384923282345e-01 -5.266411718821842669e+00
9.136090727151437996e-01 -5.530623050292092557e+00
9.156104069379589205e-01 -5.572815392150951119e+00
9.176117411607740415e-01 -5.577191495549998379e+00
9.196130753835891625e-01 -5.577453647624926347e+00
9.216144096064042834e-01 -5.575755004570121187e+00
9.236157438292198485e-01 -5.558438082428020621e+00
9.256170780520349695e-01 -5.418028942124600178e+00
9.276184122748500904e-01 -5.017514005143679512e+00
9.296197464976652114e-01 -4.834831882202376363e+00
9.316210807204803324e-01 -4.810301999686302565e+00
9.336224149432958974e-01 -4.807847495267219884e+00
9.356237491661110184e-01 -4.807990735089200385e+00
9.376250833889261393e-01 -4.811912471565308991e+00
9.396264176117412603e-01 -4.850480156081987460e+00
9.416277518345563813e-01 -5.123233569530476927e+00
9.436290860573719463e-01 -5.644063502130965304e+00
9.456304202801870673e-01 -5.805458814201053031e+00
9.476317545030021883e-01 -5.824696209227010257e+00
9.496330887258173092e-01 -5.826610316012825308e+00
9.516344229486324302e-01 -5.826678167146273069e+00
9.536357571714479953e-01 -5.825467889013177469e+00
9.556370913942631162e-01 -5.813811171748628936e+00
9.576384256170782372e-01 -5.746303457611476873e+00
9.596397598398933582e-01 -5.663081701746019547e+00
9.616410940627084791e-01 -5.644622006519595558e+00
9.636424282855240442e-01 -5.642587285400464836e+00
9.656437625083391652e-01 -5.642400100777621219e+00
9.676450967311542861e-01 -5.642531863752253685e+00
9.696464309539694071e-01 -5.644056731413538586e+00
9.716477651767845281e-01 -5.657832426318574193e+00
9.736490993996000931e-01 -5.718495092001663949e+00
9.756504336224152141e-01 -5.766034686850552760e+00
9.776517678452303350e-01 -5.774097421138105091e+00
9.796531020680454560e-01 -5.774929810365300398e+00
9.816544362908605770e-01 -5.774859115565595502e+00
9.836557705136761420e-01 -5.773296127095328245e+00
9.856571047364912630e-01 -5.757621027940247771e+00
9.876584389593063840e-01 -5.627423054518366996e+00
9.896597731821215049e-01 -5.222630399166156678e+00
9.916611074049366259e-01 -5.019530680765278419e+00
9.936624416277521910e-01 -4.991284486555448652e+00
9.956637758505673119e-01 -4.988429668006183704e+00
9.976651100733824329e-01 -4.988437787919751898e+00
9.996664442961975539e-01 -4.991376405357707213e+00
1.001667778519012675e+00 -5.020484854506046091e+00
1.003669112741828240e+00 -5.232434840619326621e+00
1.005670446964643361e+00 -5.669247375652675558e+00
1.007671781187458482e+00 -5.813984322087936363e+00
1.009673115410273603e+00 -5.831551825128699740e+00
1.011674449633088724e+00 -5.833289589836448741e+00
1.013675783855904289e+00 -5.833208073155283557e+00
1.015677118078719410e+00 -5.830644430763850750e+00
1.017678452301534531e+00 -5.806041991922555212e+00
1.019679786524349652e+00 -5.659156530640318650e+00
1.021681120747164773e+00 -5.467030368742575419e+00
1.023682454969980338e+00 -5.422647109496953277e+00
1.025683789192795459e+00 -5.417718454350906043e+00
1.027685123415610580e+00 -5.417309831399656161e+00
1.029686457638425701e+00 -5.418094353879100211e+00
1.031687791861240822e+00 -5.426480610519771375e+00
1.033689126084056387e+00 -5.502586669900123795e+00
1.035690460306871508e+00 -5.846471153482903915e+00
1.037691794529686629e+00 -6.126360738825969321e+00
1.039693128752501750e+00 -6.174782823099317142e+00
1.041694462975316871e+00 -6.179889717428931561e+00
1.043695797198132436e+00 -6.180410956050003790e+00
1.045697131420947557e+00 -6.180633998723456202e+00
1.047698465643762678e+00 -6.182371413894269807e+00
1.049699799866577798e+00 -6.196814788875308011e+00
1.051701134089392919e+00 -6.242329877862346166e+00
1.053702468312208484e+00 -6.265521425573052028e+00
1.055703802535023605e+00 -6.268764201373546285e+00
1.057705136757838726e+00 -6.269074796302120944e+00
1.059706470980653847e+00 -6.268894553087150712e+00
1.061707805203469412e+00 -6.266734741265766573e+00
1.063709139426284533e+00 -6.245513774839338339e+00
1.065710473649099654e+00 -6.091300735765747376e+00
1.067711807871914775e+00 -5.775096772322363847e+00
1.069713142094729896e+00 -5.670800427882964456e+00
1.071714476317545461e+00 -5.658156838034551939e+00
1.073715810540360582e+00 -5.656899466123695319e+00
1.075717144763175703e+00 -5.656887440780943521e+00
1.077718478985990824e+00 -5.658015777676643765e+00
1.079719813208805945e+00 -5.668864776601763467e+00
1.081721147431621510e+00 -5.732746448480554591e+00
1.083722481654436631e+00 -5.814059889202541243e+00
1.085723815877251752e+00 -5.832493235912460605e+00
1.087725150100066873e+00 -5.834529379716286712e+00
1.089726484322881994e+00 -5.834668758923701404e+00
1.091727818545697559e+00 -5.834042793934679949e+00
1.093729152768512680e+00 -5.827540973075274522e+00
1.095730486991327801e+00 -5.768954944053598766e+00
1.097731821214142922e+00 -5.512987106273909532e+00
1.099733155436958043e+00 -5.314662666677323344e+00
1.101734489659773608e+00 -5.281218025848618325e+00
1.103735823882588729e+00 -5.277725108751948113e+00
1.105737158105403850e+00 -5.277571559718145622e+00
1.107738492328218971e+00 -5.279502963412163297e+00
1.109739826551034092e+00 -5.299078688928929637e+00
1.111741160773849657e+00 -5.459617482268882327e+00
1.113742494996664778e+00 -5.936161584315783557e+00
1.115743829219479899e+00 -6.163178446511549780e+00
1.117745163442295020e+00 -6.194146730838433257e+00
1.119746497665110141e+00 -6.197285075553384814e+00
1.121747831887925706e+00 -6.197445921328924356e+00
1.123749166110740827e+00 -6.195958800885252415e+00
1.125750500333555948e+00 -6.181141910847997245e+00
1.127751834556371069e+00 -6.077069097901345529e+00
1.129753168779186190e+00 -5.881816383920932978e+00
1.131754503002001755e+00 -5.822218625835152039e+00
1.133755837224816876e+00 -5.815147394046423557e+00
1.135757171447631997e+00 -5.814488059970988942e+00
1.137758505670447118e+00 -5.814915190566665615e+00
1.139759839893262239e+00 -5.819933814022601126e+00
1.141761174116077804e+00 -5.867253768979351136e+00
1.143762508338892925e+00 -6.129090033411136673e+00
1.145763842561708046e+00 -6.425795319244363313e+00
1.147765176784523167e+00 -6.488056527287561437e+00
1.149766511007338288e+00 -6.494843663573797166e+00
1.151767845230153853e+00 -6.495456700765766200e+00
1.153769179452968974e+00 -6.494908756147578899e+00
1.155770513675784095e+00 -6.488746765369802105e+00
1.157771847898599216e+00 -6.434356161694887888e+00
1.159773182121414337e+00 -6.219128991299829323e+00
1.161774516344229902e+00 -6.073809682058497472e+00
1.163775850567045023e+00 -6.050894120719091163e+00
1.165777184789860144e+00 -6.048507150314955894e+00
1.167778519012675265e+00 -6.048212989485737268e+00
1.169779853235490386e+00 -6.047586210831696008e+00
1.171781187458305951e+00 -6.041600129627170190e+00
1.173782521681121072e+00 -5.994545194305105795e+00
1.175783855903936193e+00 -5.873126677851626454e+00
1.177785190126751313e+00 -5.823263663691815140e+00
1.179786524349566434e+00 -5.816804892388541148e+00
1.181787858572382000e+00 -5.816167809050897475e+00
1.183789192795197120e+00 -5.816269434078293443e+00
1.185790527018012241e+00 -5.817945944499777866e+00
1.187791861240827362e+00 -5.834203874056019146e+00
1.189793195463642483e+00 -5.940083914523315300e+00
1.191794529686458048e+00 -6.106262603063438377e+00
1.193795863909273169e+00 -6.150150442767811754e+00
1.195797198132088290e+00 -6.155175048437154572e+00
1.197798532354903411e+00 -6.155644055584703622e+00
1.199799866577718532e+00 -6.155366816968612653e+00
1.201801200800534097e+00 -6.152076473102185972e+00
1.203802535023349218e+00 -6.121721947801878727e+00
1.205803869246164339e+00 -5.973170523743336346e+00
1.207805203468979460e+00 -5.836472651583108018e+00
1.209806537691794581e+00 -5.811180687639691200e+00
1.211807871914610146e+00 -5.808479684899877427e+00
1.213809206137425267e+00 -5.808169803659593455e+00
1.215810540360240388e+00 -5.807703488320882457e+00
1.217811874583055509e+00 -5.803300873534796622e+00
1.219813208805870630e+00 -5.766139630053405796e+00
1.221814543028686195e+00 -5.643113126160333337e+00
1.223815877251501316e+00 -5.576723764678510165e+00
1.225817211474316437e+00 -5.567224094560266678e+00
1.227818545697131558e+00 -5.566258242638184583e+00
1.229819879919946679e+00 -5.566240351038075573e+00
1.231821214142762244e+00 -5.567023167309267606e+00
1.233822548365577365e+00 -5.574793816436772076e+00
1.235823882588392486e+00 -5.631221846531392572e+00
1.237825216811207607e+00 -5.746665404706524427e+00
1.239826551034022728e+00 -5.784667684655815378e+00
1.241827885256838293e+00 -5.789278076806288809e+00
1.243829219479653414e+00 -5.789798158189963573e+00
1.245830553702468535e+00 -5.790436816870007775e+00
1.247831887925283656e+00 -5.796446949834654916e+00
1.249833222148098777e+00 -5.853261181884722220e+00
1.251834556370914342e+00 -6.176466969678049423e+00
1.253835890593729463e+00 -6.561840287372416647e+00
1.255837224816544584e+00 -6.645437994725675424e+00
1.257838559039359705e+00 -6.654613011373130327e+00
1.259839893262174826e+00 -6.655470514251552672e+00
1.261841227484990391e+00 -6.655019297708727244e+00
1.263842561707805512e+00 -6.649596345587150736e+00
1.265843895930620633e+00 -6.601623589760351685e+00
1.267845230153435754e+00 -6.410392328112090254e+00
1.269846564376250875e+00 -6.279997497949301177e+00
1.271847898599066440e+00 -6.259340678736190711e+00
1.273849232821881561e+00 -6.257190169464029061e+00
1.275850567044696682e+00 -6.256952377980937285e+00
1.277851901267511803e+00 -6.256667510436836999e+00
1.279853235490326924e+00 -6.254050917411580812e+00
1.281854569713142489e+00 -6.233671142892500683e+00
1.283855903935957610e+00 -6.182521020541161150e+00
1.285857238158772731e+00 -6.162094100187266221e+00
1.287858572381587852e+00 -6.159473736127315746e+00
1.289859906604402973e+00 -6.159231865421153529e+00
1.291861240827218538e+00 -6.159440892905393206e+00
1.293862575050033659e+00 -6.161822022588593128e+00
1.295863909272848780e+00 -6.184739766877907385e+00
1.297865243495663901e+00 -6.329181783738198064e+00
1.299866577718479022e+00 -6.540304648269448684e+00
1.301867911941294587e+00 -6.593136743412872036e+00
1.303869246164109708e+00 -6.599117634333895310e+00
1.305870580386924829e+00 -6.599737456914469114e+00
1.307871914609739949e+00 -6.600049152621453530e+00
1.309873248832555070e+00 -6.602607629990782101e+00
1.311874583055370636e+00 -6.625788496054920707e+00
1.313875917278185756e+00 -6.731132156800066824e+00
1.315877251501000877e+00 -6.817609331460759314e+00
1.317878585723815998e+00 -6.832637166686660102e+00
1.319879919946631119e+00 -6.834214453767682329e+00
1.321881254169446684e+00 -6.834285548556793266e+00
1.323882588392261805e+00 -6.833430696587361908e+00
1.325883922615076926e+00 -6.824769317809860070e+00
1.327885256837892047e+00 -6.754149523863368643e+00
1.329886591060707168e+00 -6.548753566440154827e+00
1.331887925283522733e+00 -6.453072391286381659e+00
1.333889259506337854e+00 -6.440122827464040078e+00
1.335890593729152975e+00 -6.438779647305246101e+00
1.337891927951968096e+00 -6.438380164920143756e+00
1.339893262174783217e+00 -6.435627644313765217e+00
1.341894596397598782e+00 -6.409027779680139147e+00
1.343895930620413903e+00 -6.229951150750130395e+00
1.345897264843229024e+00 -5.926693227699021627e+00
1.347898599066044145e+00 -5.841655519853528489e+00
1.349899933288859266e+00 -5.831778224317879733e+00
1.351901267511674831e+00 -5.830841300387016091e+00
1.353902601734489952e+00 -5.831248731653611905e+00
1.355903935957305073e+00 -5.836331021498567750e+00
1.357905270180120194e+00 -5.883335065621820625e+00
1.359906604402935315e+00 -6.115988546553968064e+00
1.361907938625750880e+00 -6.334000033120602779e+00
1.363909272848566001e+00 -6.374756517393041833e+00
1.365910607071381122e+00 -6.379111006218053603e+00
1.367911941294196243e+00 -6.379551017394191170e+00
1.369913275517011364e+00 -6.379689618747329760e+00
1.371914609739826929e+00 -6.380655991982254527e+00
1.373915943962642050e+00 -6.388709885913569586e+00
1.375917278185457171e+00 -6.414471435846579972e+00
1.377918612408272292e+00 -6.427825376302749305e+00
1.379919946631087413e+00 -6.429703368888652903e+00
1.381921280853902978e+00 -6.429865951466159579e+00
1.383922615076718099e+00 -6.429581718054762973e+00
1.385923949299533220e+00 -6.426504718138041916e+00
1.387925283522348341e+00 -6.396455627016290002e+00
1.389926617745163462e+00 -6.186340614145295902e+00
1.391927951967979027e+00 -5.796377594869141170e+00
1.393929286190794148e+00 -5.678434404147134629e+00
1.395930620413609269e+00 -5.664473987865072502e+00
1.397931954636424390e+00 -5.663173111728553977e+00
1.399933288859239511e+00 -5.664020706133699790e+00
1.401934623082055076e+00 -5.673960205120478939e+00
1.403935957304870197e+00 -5.766624924680195718e+00
1.405937291527685318e+00 -6.247150954673655221e+00
1.407938625750500439e+00 -6.733372113269643577e+00
1.409939959973316004e+00 -6.828464757760321469e+00
1.411941294196131125e+00 -6.838701863586922336e+00
1.413942628418946246e+00 -6.839690593665490148e+00
1.415943962641761367e+00 -6.839537839475225312e+00
1.417945296864576488e+00 -6.837025439095783419e+00
1.419946631087392053e+00 -6.815656134261355525e+00
1.421947965310207174e+00 -6.744012305910525917e+00
1.423949299533022295e+00 -6.704769364959469513e+00
1.425950633755837416e+00 -6.699118332721927693e+00
1.427951967978652537e+00 -6.698523818166305155e+00
1.429953302201468102e+00 -6.698312495712420933e+00
1.431954636424283223e+00 -6.696739896403272496e+00
1.433955970647098344e+00 -6.681414853528766962e+00
1.435957304869913465e+00 -6.572679667047904850e+00
1.437958639092728585e+00 -6.363250755581827178e+00
1.439959973315544151e+00 -6.297869275107066400e+00
1.441961307538359272e+00 -6.290062053106295181e+00
1.443962641761174392e+00 -6.289297864256534254e+00
1.445963975983989513e+00 -6.289402081031346015e+00
1.447965310206804634e+00 -6.291224470007650282e+00
1.449966644429620199e+00 -6.308296872388488907e+00
1.451967978652435320e+00 -6.397881405730263538e+00
1.453969312875250441e+00 -6.490360528172389287e+00
1.455970647098065562e+00 -6.508667930291641035e+00
1.457971981320880683e+00 -6.510648069044047581e+00
1.459973315543696248e+00 -6.510889616295409965e+00
1.461974649766511369e+00 -6.511376654549671628e+00
1.463975983989326490e+00 -6.516057274978084735e+00
1.465977318212141611e+00 -6.555707779510661304e+00
1.467978652434956732e+00 -6.688730059165152397e+00
1.469979986657772297e+00 -6.761654508570575928e+00
1.471981320880587418e+00 -6.772157713487239050e+00
1.473982655103402539e+00 -6.773246326141245888e+00
1.475983989326217660e+00 -6.773469951634280228e+00
1.477985323549032781e+00 -6.774674363777369202e+00
1.479986657771848346e+00 -6.786341309882613970e+00
1.481987991994663467e+00 -6.868554240918049558e+00
1.483989326217478588e+00 -7.024169803160558168e+00
1.485990660440293709e+00 -7.072030318004026483e+00
1.487991994663108830e+00 -7.077722077080420782e+00
1.489993328885924395e+00 -7.078271769632816124e+00
1.491994663108739516e+00 -7.078122026980712356e+00
1.493995997331554637e+00 -7.076048916731780380e+00
1.495997331554369758e+00 -7.056733483761093773e+00
1.497998665777184879e+00 -6.957618679724657973e+00
1.500000000000000000e+00 -6.859085797740716473e+00
