# # hall conductivity
-1.500000000000000000e+00 -7.530990435101707590e+02
-1.439999999999999947e+00 -8.238682315921303143e+02
-1.379999999999999893e+00 -8.666825179734089488e+02
-1.320000000000000062e+00 -7.504980911155718104e+02
-1.260000000000000009e+00 -7.184848905005338793e+02
-1.199999999999999956e+00 -7.034695565526295695e+02
-1.140000000000000124e+00 -5.954963776144044232e+02
-1.080000000000000071e+00 -5.259519204467604823e+02
-1.020000000000000018e+00 -5.489275730430512112e+02
-9.599999999999999645e-01 -6.894700550547560169e+02
-9.000000000000000222e-01 -7.249894708343450702e+02
-8.400000000000000799e-01 -6.188663604915464020e+02
-7.800000000000000266e-01 -6.456993950837924103e+02
-7.199999999999999734e-01 -6.364928810101672525e+02
-6.600000000000000311e-01 -5.770352629774396291e+02
-6.000000000000000888e-01 -5.918991091007450223e+02
-5.400000000000000355e-01 -7.318528357231431301e+02
-4.799999999999999822e-01 -8.722686703454979806e+02
-4.199999999999999289e-01 -9.552762238483572901e+02
-3.600000000000000977e-01 -9.577060261230466267e+02
-3.000000000000000444e-01 -9.472661444583538923e+02
-2.399999999999999911e-01 -9.090568816875940001e+02
-1.800000000000001599e-01 -9.247011019354820291e+02
-1.200000000000001066e-01 -9.073149793342143994e+02
-6.000000000000005329e-02 -9.277064266841550761e+02
0.000000000000000000e+00 -9.016005857404906010e+02
6.000000000000005329e-02 -8.965859257992105995e+02
1.199999999999998845e-01 -8.977136254645133704e+02
1.799999999999999378e-01 -9.002643392101990685e+02
2.399999999999999911e-01 -9.004741085745673672e+02
2.999999999999998224e-01 -8.985838738095744702e+02
3.599999999999998757e-01 -8.984328312992852261e+02
4.199999999999999289e-01 -8.974594563021120166e+02
4.799999999999999822e-01 -8.973340037888146981e+02
5.400000000000000355e-01 -8.939495599032178461e+02
6.000000000000000888e-01 -8.938882225101117456e+02
6.600000000000001421e-01 -8.939074346701854665e+02
7.199999999999997513e-01 -8.939228865232558974e+02
7.799999999999998046e-01 -8.941094683058850023e+02
8.399999999999998579e-01 -8.883512532935137642e+02
8.999999999999999112e-01 -8.882844371524323606e+02
9.599999999999999645e-01 -8.881970459106429416e+02
1.020000000000000018e+00 -8.881671879607729352e+02
1.080000000000000071e+00 -8.877426691112432309e+02
1.139999999999999680e+00 -8.866979234412737014e+02
1.199999999999999734e+00 -8.802592408601607303e+02
1.259999999999999787e+00 -8.803710356511089685e+02
1.319999999999999840e+00 -8.783372230302921935e+02
1.379999999999999893e+00 -8.693598037525489417e+02
1.439999999999999947e+00 -8.609274806798855479e+02
1.500000000000000000e+00 -8.707334713130453565e+02
