# # hall conductivity
-1.500000000000000000e+00 -6.045329692420038725e+01
-1.497497914929107665e+00 -6.265478565351877904e+01
-1.494995829858215108e+00 -6.283748191017226503e+01
-1.492493744787322774e+00 -6.285049497567030130e+01
-1.489991659716430439e+00 -6.290034677503096106e+01
-1.487489574645537882e+00 -6.369031236992982770e+01
-1.484987489574645547e+00 -6.780831655925283030e+01
-1.482485404503753212e+00 -6.962540964653365450e+01
-1.479983319432860656e+00 -6.976438358106111082e+01
-1.477481234361968321e+00 -6.977322193415452034e+01
-1.474979149291075986e+00 -6.979273898485870120e+01
-1.472477064220183429e+00 -7.008798561554992546e+01
-1.469974979149291094e+00 -7.135755937611213540e+01
-1.467472894078398760e+00 -7.180638302087332647e+01
-1.464970809007506203e+00 -7.183856694268112619e+01
-1.462468723936613868e+00 -7.184235903169893334e+01
-1.459966638865721533e+00 -7.187855032295777846e+01
-1.457464553794828976e+00 -7.241234932670053581e+01
-1.454962468723936642e+00 -7.428351663439194397e+01
-1.452460383653044307e+00 -7.481748753714876443e+01
-1.449958298582151750e+00 -7.485365199990538088e+01
-1.447456213511259415e+00 -7.485669057551221783e+01
-1.444954128440367080e+00 -7.487534176607219649e+01
-1.442452043369474524e+00 -7.513479993680672919e+01
-1.439949958298582189e+00 -7.586872852297389613e+01
-1.437447873227689854e+00 -7.603938407377425790e+01
-1.434945788156797297e+00 -7.605016835002400910e+01
-1.432443703085904962e+00 -7.604619427380863783e+01
-1.429941618015012406e+00 -7.596437476560220148e+01
-1.427439532944120071e+00 -7.489403864274002842e+01
-1.424937447873227736e+00 -7.247071077890637980e+01
-1.422435362802335179e+00 -7.200622591835656294e+01
-1.419933277731442844e+00 -7.197722579216981842e+01
-1.417431192660550510e+00 -7.197519975831366423e+01
-1.414929107589657953e+00 -7.196756830151309714e+01
-1.412427022518765618e+00 -7.187668213884707313e+01
-1.409924937447873283e+00 -7.171304072946102792e+01
-1.407422852376980726e+00 -7.168680580006899561e+01
-1.404920767306088392e+00 -7.168454724799278210e+01
-1.402418682235196057e+00 -7.167226225549181606e+01
-1.399916597164303500e+00 -7.145768081553977424e+01
-1.397414512093411165e+00 -6.911315693450100639e+01
-1.394912427022518830e+00 -6.577141200128519927e+01
-1.392410341951626274e+00 -6.531783398440326494e+01
-1.389908256880733939e+00 -6.529117554954871139e+01
-1.387406171809841604e+00 -6.529391078135950011e+01
-1.384904086738949047e+00 -6.536721015665614232e+01
-1.382402001668056712e+00 -6.608218639526378979e+01
-1.379899916597164378e+00 -6.688650825613906648e+01
-1.377397831526271821e+00 -6.698061917420139366e+01
-1.374895746455379486e+00 -6.698682603028899507e+01
-1.372393661384487151e+00 -6.700035303059969749e+01
-1.369891576313594594e+00 -6.722739667533340935e+01
-1.367389491242702260e+00 -6.916560756929295906e+01
-1.364887406171809925e+00 -7.088418134687506722e+01
-1.362385321100917368e+00 -7.106034268326089887e+01
-1.359883236030025033e+00 -7.107064777915809373e+01
-1.357381150959132698e+00 -7.107457202073319991e+01
-1.354879065888240142e+00 -7.113139663935024259e+01
-1.352376980817347807e+00 -7.154881671459881431e+01
-1.349874895746455472e+00 -7.184062239371478142e+01
-1.347372810675562915e+00 -7.186727282482191015e+01
-1.344870725604670580e+00 -7.186854443851807162e+01
-1.342368640533778246e+00 -7.186420605698545216e+01
-1.339866555462885689e+00 -7.179132968464908515e+01
-1.337364470391993354e+00 -7.133802082419278179e+01
-1.334862385321101019e+00 -7.108768852657446757e+01
-1.332360300250208462e+00 -7.106702830117509961e+01
-1.329858215179316128e+00 -7.106720403025965993e+01
-1.327356130108423571e+00 -7.109147439587111705e+01
-1.324854045037531236e+00 -7.148106326707261360e+01
-1.322351959966638901e+00 -7.349916165047864069e+01
-1.319849874895746566e+00 -7.438285437187794003e+01
-1.317347789824854010e+00 -7.445044980589555905e+01
-1.314845704753961675e+00 -7.445802691932823336e+01
-1.312343619683069118e+00 -7.452691289852040768e+01
-1.309841534612176783e+00 -7.558660612588971617e+01
-1.307339449541284448e+00 -8.009224876934830206e+01
-1.304837364470392114e+00 -8.166541112536792468e+01
-1.302335279399499557e+00 -8.177738496557772407e+01
-1.299833194328607222e+00 -8.178251007255749983e+01
-1.297331109257714665e+00 -8.176271871554592963e+01
-1.294829024186822330e+00 -8.146618202015559973e+01
-1.292326939115929996e+00 -8.044426116679987615e+01
-1.289824854045037661e+00 -8.015756659798017836e+01
-1.287322768974145104e+00 -8.013826789814362428e+01
-1.284820683903252769e+00 -8.013738666990813897e+01
-1.282318598832360212e+00 -8.014074789488887518e+01
-1.279816513761467878e+00 -8.018828508218311413e+01
-1.277314428690575543e+00 -8.031963519815194275e+01
-1.274812343619682986e+00 -8.034953324773299244e+01
-1.272310258548790651e+00 -8.035142973948046574e+01
-1.269808173477898317e+00 -8.035101337176662639e+01
-1.267306088407005760e+00 -8.034169104319138910e+01
-1.264804003336113425e+00 -8.022095054697230410e+01
-1.262301918265221090e+00 -7.995581863156344582e+01
-1.259799833194328533e+00 -7.990627323502540946e+01
-1.257297748123436198e+00 -7.990342903263594110e+01
-1.254795663052543864e+00 -7.990752705269154887e+01
-1.252293577981651307e+00 -7.998313322173000017e+01
-1.249791492910758972e+00 -8.088061450207288772e+01
-1.247289407839866637e+00 -8.243622108897977796e+01
-1.244787322768974080e+00 -8.267836026719466247e+01
-1.242285237698081746e+00 -8.269307861238972635e+01
-1.239783152627189411e+00 -8.269564998440117165e+01
-1.237281067556296854e+00 -8.272669031788089455e+01
-1.234778982485404519e+00 -8.305833833132315647e+01
-1.232276897414512185e+00 -8.350982921901116640e+01
-1.229774812343619628e+00 -8.356928235690510576e+01
-1.227272727272727293e+00 -8.357278583197299326e+01
-1.224770642201834736e+00 -8.357283744509138046e+01
-1.222268557130942401e+00 -8.357038847490552769e+01
-1.219766472060050067e+00 -8.354709645777504079e+01
-1.217264386989157732e+00 -8.352227407401872483e+01
-1.214762301918265175e+00 -8.351953750893088113e+01
-1.212260216847372840e+00 -8.352078142728268517e+01
-1.209758131776480283e+00 -8.354634488716520480e+01
-1.207256046705587949e+00 -8.398346881048536261e+01
-1.204753961634695614e+00 -8.757850295579595468e+01
-1.202251876563803279e+00 -9.057432146013466934e+01
-1.199749791492910722e+00 -9.087190666390964111e+01
-1.197247706422018387e+00 -9.089014664461512893e+01
-1.194745621351125831e+00 -9.091286768811217200e+01
-1.192243536280233496e+00 -9.127801328916000045e+01
-1.189741451209341161e+00 -9.383652091469227230e+01
-1.187239366138448826e+00 -9.550412878877931178e+01
-1.184737281067556269e+00 -9.565175706342165540e+01
-1.182235195996663935e+00 -9.565768956900299713e+01
-1.179733110925771378e+00 -9.561387170309693317e+01
-1.177231025854879043e+00 -9.489054581503809516e+01
-1.174728940783986708e+00 -9.064959500448323126e+01
-1.172226855713094373e+00 -8.848250913822884911e+01
-1.169724770642201817e+00 -8.830805967852604965e+01
-1.167222685571309482e+00 -8.829613867315934783e+01
-1.164720600500416925e+00 -8.825730431989828162e+01
-1.162218515429524590e+00 -8.765188372250520388e+01
-1.159716430358632255e+00 -8.473242904604661874e+01
-1.157214345287739921e+00 -8.355780571330744522e+01
-1.154712260216847364e+00 -8.347077807753881018e+01
-1.152210175145955029e+00 -8.346897435773736618e+01
-1.149708090075062472e+00 -8.352408148156395384e+01
-1.147206005004170137e+00 -8.436341594353106643e+01
-1.144703919933277803e+00 -8.764245289874398281e+01
-1.142201834862385468e+00 -8.868808376169921814e+01
-1.139699749791492911e+00 -8.876076165807957352e+01
-1.137197664720600576e+00 -8.876478246127608429e+01
-1.134695579649708019e+00 -8.876459798705066362e+01
-1.132193494578815685e+00 -8.875877015189810493e+01
-1.129691409507923350e+00 -8.874052989497606347e+01
-1.127189324437030793e+00 -8.873586688153940827e+01
-1.124687239366138458e+00 -8.873534426647979956e+01
-1.122185154295246123e+00 -8.873139162131781177e+01
-1.119683069224353567e+00 -8.866098704561788679e+01
-1.117180984153461232e+00 -8.771441109535533087e+01
-1.114678899082568897e+00 -8.537654252055369852e+01
-1.112176814011676340e+00 -8.489437315557455577e+01
-1.109674728940784005e+00 -8.486397427900396906e+01
-1.107172643869891671e+00 -8.486361134817228447e+01
-1.104670558798999114e+00 -8.488701578217688848e+01
-1.102168473728106779e+00 -8.517793464460834230e+01
-1.099666388657214444e+00 -8.574113876939988188e+01
-1.097164303586321887e+00 -8.583641172669906894e+01
-1.094662218515429553e+00 -8.584244483306629547e+01
-1.092160133444536996e+00 -8.584657905516461085e+01
-1.089658048373644661e+00 -8.591381890457476800e+01
-1.087155963302752326e+00 -8.666670600909930045e+01
-1.084653878231859991e+00 -8.780157156183038580e+01
-1.082151793160967435e+00 -8.796156826503923298e+01
-1.079649708090075100e+00 -8.797133818852256582e+01
-1.077147623019182543e+00 -8.797621650082588474e+01
-1.074645537948290208e+00 -8.805215630609208688e+01
-1.072143452877397873e+00 -8.880628454897947677e+01
-1.069641367806505539e+00 -8.968732653008608224e+01
-1.067139282735612982e+00 -8.979271573737582912e+01
-1.064637197664720647e+00 -8.979872023308058715e+01
-1.062135112593828090e+00 -8.979633235503759181e+01
-1.059633027522935755e+00 -8.974949178290664520e+01
-1.057130942452043421e+00 -8.934506393197297314e+01
-1.054628857381151086e+00 -8.897978173298044169e+01
-1.052126772310258529e+00 -8.894197063107645818e+01
-1.049624687239366194e+00 -8.893964313347503037e+01
-1.047122602168473637e+00 -8.893673230833259424e+01
-1.044620517097581303e+00 -8.888966187789299056e+01
-1.042118432026688968e+00 -8.854413608685081272e+01
-1.039616346955796633e+00 -8.830298821627435757e+01
-1.037114261884904076e+00 -8.828105759159083732e+01
-1.034612176814011741e+00 -8.828142000688796998e+01
-1.032110091743119185e+00 -8.831060986719229788e+01
-1.029608006672226850e+00 -8.879169017789841689e+01
-1.027105921601334515e+00 -9.173485716338386453e+01
-1.024603836530442180e+00 -9.332480317592906260e+01
-1.022101751459549623e+00 -9.345539429617404892e+01
-1.019599666388657289e+00 -9.346291002743815568e+01
-1.017097581317764732e+00 -9.346621575445422536e+01
-1.014595496246872397e+00 -9.351241084343891430e+01
-1.012093411175980062e+00 -9.374329928538519141e+01
-1.009591326105087727e+00 -9.384022493960884503e+01
-1.007089241034195171e+00 -9.384742544229956707e+01
-1.004587155963302836e+00 -9.384616920558607944e+01
-1.002085070892410279e+00 -9.381616175918135525e+01
-9.995829858215179442e-01 -9.335825471727009983e+01
-9.970809007506254984e-01 -9.151894120566994673e+01
-9.945788156797331636e-01 -9.091491873938009860e+01
-9.920767306088407178e-01 -9.087245995673680454e+01
-9.895746455379482720e-01 -9.086734497122940013e+01
-9.870725604670559372e-01 -9.081759338229429090e+01
-9.845704753961634914e-01 -9.010120586727620662e+01
-9.820683903252710456e-01 -8.782436132909568016e+01
-9.795663052543787108e-01 -8.723404236011700164e+01
-9.770642201834862650e-01 -8.719506334237789247e+01
-9.745621351125938192e-01 -8.719427477942947746e+01
-9.720600500417014844e-01 -8.721879189499088625e+01
-9.695579649708090386e-01 -8.755057443971465148e+01
-9.670558798999165928e-01 -8.837451970389797395e+01
-9.645537948290242580e-01 -8.854525807152654693e+01
-9.620517097581318122e-01 -8.855613525465716407e+01
-9.595496246872393664e-01 -8.855815718057429820e+01
-9.570475396163470316e-01 -8.858351381175683059e+01
-9.545454545454545858e-01 -8.889616521593912069e+01
-9.520433694745621400e-01 -8.949675637142644291e+01
-9.495412844036696942e-01 -8.959774919938330129e+01
-9.470391993327773594e-01 -8.960413054356767759e+01
-9.445371142618849136e-01 -8.960836022013677393e+01
-9.420350291909924678e-01 -8.967689267423986621e+01
-9.395329441201001330e-01 -9.043694495681218370e+01
-9.370308590492076872e-01 -9.155784905477092650e+01
-9.345287739783152414e-01 -9.171356068321983912e+01
-9.320266889074229066e-01 -9.172345143189011196e+01
-9.295246038365304608e-01 -9.173550602205271787e+01
-9.270225187656380150e-01 -9.193647984556127994e+01
-9.245204336947456802e-01 -9.389572173831854229e+01
-9.220183486238532344e-01 -9.610266723234458652e+01
-9.195162635529607886e-01 -9.636092857493258634e+01
-9.170141784820684538e-01 -9.637492402417998960e+01
-9.145120934111760080e-01 -9.635663579661897415e+01
-9.120100083402835622e-01 -9.602925861816183328e+01
-9.095079232693912274e-01 -9.328824131524577012e+01
-9.070058381984987816e-01 -9.093635345106413581e+01
-9.045037531276063358e-01 -9.069924189884298471e+01
-9.020016680567140011e-01 -9.068425482080020572e+01
-8.994995829858215552e-01 -9.065823848445096189e+01
-8.969974979149291094e-01 -9.023460779676464938e+01
-8.944954128440367747e-01 -8.726106787307217871e+01
-8.919933277731443289e-01 -8.531811229717550304e+01
-8.894912427022518830e-01 -8.514578581612563823e+01
-8.869891576313594372e-01 -8.513632788991513678e+01
-8.844870725604671025e-01 -8.514144498833100272e+01
-8.819849874895746566e-01 -8.523350759212988237e+01
-8.794829024186822108e-01 -8.576334309187618032e+01
-8.769808173477898761e-01 -8.602760651573005646e+01
-8.744787322768974303e-01 -8.604870965130371019e+01
-8.719766472060049844e-01 -8.605044155986063004e+01
-8.694745621351126497e-01 -8.606040703532933378e+01
-8.669724770642202039e-01 -8.621565458685972771e+01
-8.644703919933277581e-01 -8.693236424122802930e+01
-8.619683069224354233e-01 -8.720665242194218081e+01
-8.594662218515429775e-01 -8.722695238267183981e+01
-8.569641367806505317e-01 -8.723255833002195914e+01
-8.544620517097581969e-01 -8.731345648261952874e+01
-8.519599666388657511e-01 -8.851922336988171480e+01
-8.494578815679733053e-01 -9.290317716978312035e+01
-8.469557964970809705e-01 -9.420113861821721457e+01
-8.444537114261885247e-01 -9.428956413454567098e+01
-8.419516263552960789e-01 -9.429218639078726483e+01
-8.394495412844037441e-01 -9.425123385693484579e+01
-8.369474562135112983e-01 -9.367501142824572469e+01
-8.344453711426188525e-01 -9.205102849041665536e+01
-8.319432860717265177e-01 -9.167467503963190723e+01
-8.294412010008340719e-01 -9.165062036829371550e+01
-8.269391159299416261e-01 -9.165411634373977279e+01
-8.244370308590491803e-01 -9.174038352808234720e+01
-8.219349457881568455e-01 -9.285112026908313965e+01
-8.194328607172643997e-01 -9.524649936872937417e+01
-8.169307756463719539e-01 -9.568767662756556547e+01
-8.144286905754796191e-01 -9.571427100663376564e+01
-8.119266055045871733e-01 -9.570216911758090816e+01
-8.094245204336947275e-01 -9.546157517054498953e+01
-8.069224353628023927e-01 -9.267235278079419913e+01
-8.044203502919099469e-01 -8.811477032508264529e+01
-8.019182652210175011e-01 -8.743498379187153091e+01
-7.994161801501251663e-01 -8.739406860579420311e+01
-7.969140950792327205e-01 -8.738979916105121504e+01
-7.944120100083402747e-01 -8.735435537155235863e+01
-7.919099249374479399e-01 -8.699439147132707717e+01
-7.894078398665554941e-01 -8.655183249684610303e+01
-7.869057547956630483e-01 -8.649720182117228262e+01
-7.844036697247707135e-01 -8.649381649446465303e+01
-7.819015846538782677e-01 -8.649028765912321148e+01
-7.793994995829858219e-01 -8.643258447487887963e+01
-7.768974145120934871e-01 -8.592883920730284331e+01
-7.743953294412010413e-01 -8.546472122400524540e+01
-7.718932443703085955e-01 -8.541624283839382770e+01
-7.693911592994162607e-01 -8.541451917029368701e+01
-7.668890742285238149e-01 -8.543379778754069775e+01
-7.643869891576313691e-01 -8.576109725919597793e+01
-7.618849040867389233e-01 -8.814488224059147115e+01
-7.593828190158465885e-01 -8.978884071035804482e+01
-7.568807339449541427e-01 -8.993813688665032657e+01
-7.543786488740616969e-01 -8.994641819094063351e+01
-7.518765638031693621e-01 -8.994325642411125443e+01
-7.493744787322769163e-01 -8.988393210339313555e+01
-7.468723936613844705e-01 -8.953270049778367934e+01
-7.443703085904921357e-01 -8.935103938961692904e+01
-7.418682235195996899e-01 -8.933637252645388571e+01
-7.393661384487072441e-01 -8.933576893666109697e+01
-7.368640533778149093e-01 -8.933974057942393188e+01
-7.343619683069224635e-01 -8.940292204434408063e+01
-7.318598832360300177e-01 -8.969947162812617591e+01
-7.293577981651376829e-01 -8.981510835343296151e+01
-7.268557130942452371e-01 -8.982351782015554420e+01
-7.243536280233527913e-01 -8.982228829514276924e+01
-7.218515429524604565e-01 -8.979160159543408781e+01
-7.193494578815680107e-01 -8.933327689078944900e+01
-7.168473728106755649e-01 -8.766350413759833771e+01
-7.143452877397832301e-01 -8.716811114163577656e+01
-7.118432026688907843e-01 -8.713428554541471271e+01
-7.093411175979983385e-01 -8.713220029843725456e+01
-7.068390325271060037e-01 -8.712839655703784558e+01
-7.043369474562135579e-01 -8.707687388117417981e+01
-7.018348623853211121e-01 -8.693379457461124105e+01
-6.993327773144286663e-01 -8.690105235535790484e+01
-6.968306922435363315e-01 -8.689857666702359040e+01
-6.943286071726438857e-01 -8.689177864364550885e+01
-6.918265221017514399e-01 -8.677274927672074512e+01
-6.893244370308591051e-01 -8.525886669915134064e+01
-6.868223519599666593e-01 -8.209972036350566782e+01
-6.843202668890742135e-01 -8.153299053725454826e+01
-6.818181818181818787e-01 -8.149801572763689705e+01
-6.793160967472894329e-01 -8.149597240174033175e+01
-6.768140116763969871e-01 -8.149387444317009965e+01
-6.743119266055046523e-01 -8.147128148340409837e+01
-6.718098415346122065e-01 -8.143624671877455512e+01
-6.693077564637197607e-01 -8.143118144390932400e+01
-6.668056713928274259e-01 -8.143036540434181347e+01
-6.643035863219349801e-01 -8.142097659150699940e+01
-6.618015012510425343e-01 -8.125771362403256148e+01
-6.592994161801501996e-01 -7.965285337665653742e+01
-6.567973311092577537e-01 -7.781628772916812409e+01
-6.542952460383653079e-01 -7.759930698611231037e+01
-6.517931609674729732e-01 -7.758691738567756602e+01
-6.492910758965805273e-01 -7.759101446703118654e+01
-6.467889908256880815e-01 -7.767296349833577551e+01
-6.442869057547957468e-01 -7.835108643526898220e+01
-6.417848206839033010e-01 -7.892146077636195400e+01
-6.392827356130108551e-01 -7.897832131844738512e+01
-6.367806505421185204e-01 -7.898068470323413237e+01
-6.342785654712260746e-01 -7.896457916785355735e+01
-6.317764804003336288e-01 -7.869303107423597510e+01
-6.292743953294411829e-01 -7.685959802674832986e+01
-6.267723102585488482e-01 -7.572646316449409198e+01
-6.242702251876564024e-01 -7.562843044103061629e+01
-6.217681401167639565e-01 -7.562547274773459094e+01
-6.192660550458716218e-01 -7.567218375926354668e+01
-6.167639699749791760e-01 -7.642910082061999333e+01
-6.142618849040867302e-01 -8.048127994577473032e+01
-6.117597998331943954e-01 -8.232810020790920191e+01
-6.092577147623019496e-01 -8.247057964729663126e+01
-6.067556296914095038e-01 -8.247417935781405163e+01
-6.042535446205171690e-01 -8.239516720451040044e+01
-6.017514595496247232e-01 -8.117629357902174547e+01
-5.992493744787322774e-01 -7.613638683956261843e+01
-5.967472894078399426e-01 -7.442920513530812343e+01
-5.942452043369474968e-01 -7.430883245111452595e+01
-5.917431192660550510e-01 -7.430580090221080525e+01
-5.892410341951627162e-01 -7.437164431898227690e+01
-5.867389491242702704e-01 -7.532316372860263698e+01
-5.842368640533778246e-01 -7.829447987564532241e+01
-5.817347789824854898e-01 -7.905196057555701827e+01
-5.792326939115930440e-01 -7.910132177718222124e+01
-5.767306088407005982e-01 -7.909369573481677662e+01
-5.742285237698082634e-01 -7.890819087506173446e+01
-5.717264386989158176e-01 -7.646249896139849511e+01
-5.692243536280233718e-01 -7.079885860766799510e+01
-5.667222685571309260e-01 -6.969280906055506364e+01
-5.642201834862385912e-01 -6.962457991151629244e+01
-5.617180984153461454e-01 -6.963893184149583249e+01
-5.592160133444536996e-01 -6.996051358110936746e+01
-5.567139282735613648e-01 -7.374485486758939601e+01
-5.542118432026689190e-01 -8.015494097178411437e+01
-5.517097581317764732e-01 -8.113597558596333670e+01
-5.492076730608841384e-01 -8.119321105150288531e+01
-5.467055879899916926e-01 -8.116244257536051521e+01
-5.442035029190992468e-01 -8.056787712482562824e+01
-5.417014178482069120e-01 -7.451215541522469721e+01
-5.391993327773144662e-01 -6.708027969793438672e+01
-5.366972477064220204e-01 -6.616413334702292559e+01
-5.341951626355296856e-01 -6.611167779699950131e+01
-5.316930775646372398e-01 -6.613107765669917626e+01
-5.291909924937447940e-01 -6.651458542161797993e+01
-5.266889074228524592e-01 -6.978536666042495540e+01
-5.241868223519600134e-01 -7.267843532318980238e+01
-5.216847372810675676e-01 -7.297444795464642198e+01
-5.191826522101752328e-01 -7.298874427876840798e+01
-5.166805671392827870e-01 -7.294039542479181648e+01
-5.141784820683903412e-01 -7.211624680601126158e+01
-5.116763969974980064e-01 -6.643259550118155232e+01
-5.091743119266055606e-01 -6.281271814231585893e+01
-5.066722268557131148e-01 -6.249519904214309918e+01
-5.041701417848206690e-01 -6.247868010929675364e+01
-5.016680567139283342e-01 -6.250428512770778866e+01
-4.991659716430358884e-01 -6.293293530060740437e+01
-4.966638865721435536e-01 -6.524639233801981675e+01
-4.941618015012509968e-01 -6.631120379410815247e+01
-4.916597164303586620e-01 -6.639386962257950131e+01
-4.891576313594663272e-01 -6.640040907865289910e+01
-4.866555462885737704e-01 -6.643513549057549028e+01
-4.841534612176814356e-01 -6.696303647764918310e+01
-4.816513761467891008e-01 -6.912664953874931939e+01
-4.791492910758965440e-01 -6.985261918197008413e+01
-4.766472060050042092e-01 -6.990330290131369395e+01
-4.741451209341118744e-01 -6.989775299919263318e+01
-4.716430358632193176e-01 -6.974704828122591493e+01
-4.691409507923269828e-01 -6.759510509242542753e+01
-4.666388657214346480e-01 -6.106347439637846009e+01
-4.641367806505420912e-01 -5.944242443416563049e+01
-4.616346955796497564e-01 -5.933718832506584562e+01
-4.591326105087574216e-01 -5.934965395535125765e+01
-4.566305254378648648e-01 -5.967674598360451910e+01
-4.541284403669725300e-01 -6.391930355428952737e+01
-4.516263552960801952e-01 -7.326570646509304652e+01
-4.491242702251876384e-01 -7.501725289832148746e+01
-4.466221851542953036e-01 -7.512438222191772752e+01
-4.441201000834029688e-01 -7.509886325957344866e+01
-4.416180150125104120e-01 -7.454238501432477904e+01
-4.391159299416180772e-01 -6.818692370906386202e+01
-4.366138448707257425e-01 -5.817383883880830098e+01
-4.341117597998331856e-01 -5.671842319347219785e+01
-4.316096747289408508e-01 -5.663299394653168406e+01
-4.291075896580485161e-01 -5.665789207386347215e+01
-4.266055045871559592e-01 -5.717425479348393225e+01
-4.241034195162636244e-01 -6.218702422907646366e+01
-4.216013344453712897e-01 -6.778115742490520290e+01
-4.190992493744787328e-01 -6.843228990767998710e+01
-4.165971643035863980e-01 -6.846918456158168453e+01
-4.140950792326940633e-01 -6.845283992185522948e+01
-4.115929941618015064e-01 -6.813922045729607646e+01
-4.090909090909091717e-01 -6.564913901560768750e+01
-4.065888240200166148e-01 -6.368959402024878358e+01
-4.040867389491242800e-01 -6.350022661551201253e+01
-4.015846538782319453e-01 -6.348646948865739148e+01
-3.990825688073393884e-01 -6.343239107981717950e+01
-3.965804837364470536e-01 -6.255024266681375167e+01
-3.940783986655547189e-01 -5.704054704746913984e+01
-3.915763135946621620e-01 -5.398075238418930866e+01
-3.890742285237698272e-01 -5.372718461280287983e+01
-3.865721434528774925e-01 -5.372033557750322785e+01
-3.840700583819849356e-01 -5.385460949564638611e+01
-3.815679733110926009e-01 -5.598294172150551162e+01
-3.790658882402002661e-01 -6.607350202926649274e+01
-3.765638031693077092e-01 -7.005416017511844018e+01
-3.740617180984153745e-01 -7.034709919380672716e+01
-3.715596330275230397e-01 -7.034924090718406831e+01
-3.690575479566304828e-01 -7.009321685976757976e+01
-3.665554628857381481e-01 -6.629813355820711251e+01
-3.640533778148458133e-01 -5.306246779304622407e+01
-3.615512927439532564e-01 -4.930472373049398982e+01
-3.590492076730609217e-01 -4.905146559149633845e+01
-3.565471226021685869e-01 -4.904724258542213988e+01
-3.540450375312760301e-01 -4.922307057054716495e+01
-3.515429524603836953e-01 -5.160671528533642771e+01
-3.490408673894913605e-01 -5.756902478169983794e+01
-3.465387823185988037e-01 -5.881221879956276410e+01
-3.440366972477064689e-01 -5.889121639281147225e+01
-3.415346121768141341e-01 -5.890061314935355341e+01
-3.390325271059215773e-01 -5.899025872464701337e+01
-3.365304420350292425e-01 -6.005793178278635480e+01
-3.340283569641369077e-01 -6.193731177618150241e+01
-3.315262718932443509e-01 -6.223307527433377118e+01
-3.290241868223520161e-01 -6.224896812652610834e+01
-3.265221017514596813e-01 -6.221351457376260896e+01
-3.240200166805671245e-01 -6.157673518440240912e+01
-3.215179316096747897e-01 -5.510293497122408723e+01
-3.190158465387824549e-01 -4.718399581317599711e+01
-3.165137614678898981e-01 -4.620989780929958357e+01
-3.140116763969975633e-01 -4.615619486438274777e+01
-3.115095913261052285e-01 -4.621432564230826756e+01
-3.090075062552126717e-01 -4.726248358881887413e+01
-3.065054211843203369e-01 -5.595475280815206531e+01
-3.040033361134280021e-01 -6.329562614103831208e+01
-3.015012510425354453e-01 -6.402939930986448758e+01
-2.989991659716431105e-01 -6.406845157838820626e+01
-2.964970809007507757e-01 -6.401617400350961873e+01
-2.939949958298582189e-01 -6.311130832120247902e+01
-2.914929107589658841e-01 -5.725293224114776791e+01
-2.889908256880735493e-01 -5.383783295936686386e+01
-2.864887406171809925e-01 -5.354869989935509267e+01
-2.839866555462886577e-01 -5.352850167186915087e+01
-2.814845704753961009e-01 -5.345733833411077995e+01
-2.789824854045037661e-01 -5.234533376282844586e+01
-2.764804003336114313e-01 -4.695231639392314804e+01
-2.739783152627188745e-01 -4.476803520277234583e+01
-2.714762301918265397e-01 -4.460619112616528525e+01
-2.689741451209342049e-01 -4.460870674844668571e+01
-2.664720600500416481e-01 -4.481707938470143660e+01
-2.639699749791493133e-01 -4.790631023226181640e+01
-2.614678899082569785e-01 -5.873831949661786922e+01
-2.589658048373644217e-01 -6.183018155896195367e+01
-2.564637197664720869e-01 -6.203830606245659851e+01
-2.539616346955797521e-01 -6.203226439563508876e+01
-2.514595496246871953e-01 -6.171713536640525888e+01
-2.489574645537948605e-01 -5.747501033422383898e+01
-2.464553794829025257e-01 -4.702399152182705677e+01
-2.439532944120099689e-01 -4.487315393584535173e+01
-2.414512093411176341e-01 -4.473693195528937849e+01
-2.389491242702252993e-01 -4.472300948047767832e+01
-2.364470391993327425e-01 -4.460910293086787703e+01
-2.339449541284404077e-01 -4.327392635040552449e+01
-2.314428690575480729e-01 -4.101058713402437661e+01
-2.289407839866555161e-01 -4.066407851146541930e+01
-2.264386989157631813e-01 -4.064542926249699661e+01
-2.239366138448708465e-01 -4.068492225182663447e+01
-2.214345287739782897e-01 -4.139307455184875550e+01
-2.189324437030859549e-01 -4.837535618709446084e+01
-2.164303586321936201e-01 -5.641177294514759666e+01
-2.139282735613010633e-01 -5.736435702660300251e+01
-2.114261884904087285e-01 -5.741613936388683470e+01
-2.089241034195163937e-01 -5.735020091706854828e+01
-2.064220183486238369e-01 -5.617699760412828880e+01
-2.039199332777315021e-01 -4.694013026531544597e+01
-2.014178482068391673e-01 -3.976503645738066695e+01
-1.989157631359466105e-01 -3.907650024257878130e+01
-1.964136780650542757e-01 -3.903633346380912172e+01
-1.939115929941619410e-01 -3.901854316096602560e+01
-1.914095079232693841e-01 -3.876225664946849747e+01
-1.889074228523770493e-01 -3.722860756048819297e+01
-1.864053377814847146e-01 -3.642337421031757572e+01
-1.839032527105921577e-01 -3.635841836842205055e+01
-1.814011676396998229e-01 -3.636342414931900180e+01
-1.788990825688074882e-01 -3.652016643299990761e+01
-1.763969974979149313e-01 -3.895336137628619610e+01
-1.738949124270225965e-01 -4.954884342226522165e+01
-1.713928273561302618e-01 -5.334649831018935373e+01
-1.688907422852377049e-01 -5.361829738574505910e+01
-1.663886572143453701e-01 -5.362163241747090581e+01
-1.638865721434530354e-01 -5.340946667734187514e+01
-1.613844870725604785e-01 -5.036690109077920141e+01
-1.588824020016681438e-01 -4.108257734498477731e+01
-1.563803169307758090e-01 -3.876666905703748256e+01
-1.538782318598832521e-01 -3.861413356118976736e+01
-1.513761467889909174e-01 -3.859484490915725985e+01
-1.488740617180983605e-01 -3.840079251609888189e+01
-1.463719766472060257e-01 -3.594189604613495703e+01
-1.438698915763136910e-01 -3.083130164793847783e+01
-1.413678065054211341e-01 -2.991752009229765363e+01
-1.388657214345287993e-01 -2.986300370988425712e+01
-1.363636363636364646e-01 -2.989344393353252016e+01
-1.338615512927439077e-01 -3.048288854700719597e+01
-1.313594662218515730e-01 -3.684931921394742460e+01
-1.288573811509592382e-01 -4.568983610242035098e+01
-1.263552960800666813e-01 -4.686915420800498566e+01
-1.238532110091743466e-01 -4.693798802357012789e+01
-1.213511259382820118e-01 -4.692490897500010050e+01
-1.188490408673894549e-01 -4.663401112909589585e+01
-1.163469557964971202e-01 -4.409753525285614018e+01
-1.138448707256047854e-01 -4.176893279628192346e+01
-1.113427856547122285e-01 -4.152566255181395860e+01
-1.088407005838198938e-01 -4.150780534797386423e+01
-1.063386155129275590e-01 -4.143684515410531333e+01
-1.038365304420350022e-01 -4.026860626004855703e+01
-1.013344453711426674e-01 -3.249252423825426206e+01
-9.883236030025033259e-02 -2.778122286350755488e+01
-9.633027522935777576e-02 -2.737664490384855398e+01
-9.382819015846544097e-02 -2.735876660231589952e+01
-9.132610508757310619e-02 -2.744813400118286140e+01
-8.882402001668054936e-02 -2.888099481219083842e+01
-8.632193494578821458e-02 -3.579970189745803566e+01
-8.381984987489587979e-02 -3.858742498269430143e+01
-8.131776480400332296e-02 -3.879478996377432765e+01
-7.881567973311098818e-02 -3.881246791395001594e+01
-7.631359466221865340e-02 -3.892298145144712862e+01
-7.381150959132609657e-02 -4.053045578827602213e+01
-7.130942452043376178e-02 -4.591666992910404588e+01
-6.880733944954142700e-02 -4.738651085768754001e+01
-6.630525437864887017e-02 -4.748372326155244139e+01
-6.380316930775653539e-02 -4.746811556469769044e+01
-6.130108423686420061e-02 -4.709240896078801342e+01
-5.879899916597164378e-02 -4.218757326770332128e+01
-5.629691409507930899e-02 -3.116390359939427057e+01
-5.379482902418697421e-02 -2.906373522247889696e+01
-5.129274395329441738e-02 -2.893257936555567156e+01
-4.879065888240208260e-02 -2.892037493284650296e+01
-4.628857381150974781e-02 -2.883235326860505054e+01
-4.378648874061719098e-02 -2.786086987666229220e+01
-4.128440366972485620e-02 -2.643019201568507626e+01
-3.878231859883252142e-02 -2.623178720470244230e+01
-3.628023352793996459e-02 -2.622194733231244967e+01
-3.377814845704762980e-02 -2.625696292771397111e+01
-3.127606338615529502e-02 -2.687194107808862142e+01
-2.877397831526273819e-02 -3.234597214647189389e+01
-2.627189324437040341e-02 -3.756072699154277927e+01
-2.376980817347784658e-02 -3.811585689215138473e+01
-2.126772310258551180e-02 -3.814697043219705108e+01
-1.876563803169317701e-02 -3.813236480900956593e+01
-1.626355296080062018e-02 -3.785969779818797321e+01
-1.376146788990828540e-02 -3.602542736569143500e+01
-1.125938281901595062e-02 -3.489806614632500015e+01
-8.757297748123393788e-03 -3.480029775035310280e+01
-6.255212677231059004e-03 -3.478892323934796593e+01
-3.753127606338724220e-03 -3.468259663198124798e+01
-1.251042535446167392e-03 -3.300820061470483324e+01
1.251042535446167392e-03 -2.497733617864561850e+01
3.753127606338502176e-03 -2.176642478623610089e+01
6.255212677231059004e-03 -2.152857025208427899e+01
8.757297748123393788e-03 -2.151598703196512830e+01
1.125938281901572857e-02 -2.152805577728908659e+01
1.376146788990828540e-02 -2.171394967754365624e+01
1.626355296080062018e-02 -2.231976318960615657e+01
1.876563803169295497e-02 -2.248067171125327590e+01
2.126772310258551180e-02 -2.249198401467843311e+01
2.376980817347784658e-02 -2.250373519416373114e+01
2.627189324437018136e-02 -2.270265189864153754e+01
2.877397831526273819e-02 -2.525180231106604722e+01
3.127606338615507298e-02 -3.069040572115886079e+01
3.377814845704740776e-02 -3.168348762036929145e+01
3.628023352793996459e-02 -3.174442917425665200e+01
3.878231859883229937e-02 -3.173848710487237312e+01
4.128440366972463416e-02 -3.157474328884556769e+01
4.378648874061719098e-02 -2.981942611621331096e+01
4.628857381150952577e-02 -2.742581852493403716e+01
4.879065888240186055e-02 -2.711018988023253939e+01
5.129274395329441738e-02 -2.708988558292763216e+01
5.379482902418675216e-02 -2.705857167045006406e+01
5.629691409507908695e-02 -2.653961824485242360e+01
5.879899916597164378e-02 -2.218635528505127752e+01
6.130108423686397856e-02 -1.843780813232672955e+01
6.380316930775631334e-02 -1.805933024699705669e+01
6.630525437864887017e-02 -1.803770664777112387e+01
6.880733944954120496e-02 -1.803810377676749610e+01
7.130942452043353974e-02 -1.806420989736859539e+01
7.381150959132609657e-02 -1.822510628505209596e+01
7.631359466221843135e-02 -1.831260324520294347e+01
7.881567973311076614e-02 -1.831997589868397469e+01
8.131776480400332296e-02 -1.832347101189028749e+01
8.381984987489565775e-02 -1.837927859985737200e+01
8.632193494578799253e-02 -1.923943116748149507e+01
8.882402001668054936e-02 -2.288436878678215791e+01
9.132610508757288414e-02 -2.415233636313219989e+01
9.382819015846521893e-02 -2.424255795834664085e+01
9.633027522935777576e-02 -2.424783264992202092e+01
9.883236030025011054e-02 -2.425255571926564002e+01
1.013344453711426674e-01 -2.431449773466008679e+01
1.038365304420350022e-01 -2.448665174998615512e+01
1.063386155129273369e-01 -2.452602425283164678e+01
1.088407005838198938e-01 -2.452794749290230314e+01
1.113427856547122285e-01 -2.451685497474406361e+01
1.138448707256045633e-01 -2.431774732629032698e+01
1.163469557964971202e-01 -2.193962587775538609e+01
1.188490408673894549e-01 -1.775181174352355384e+01
1.213511259382817897e-01 -1.709231182870512100e+01
1.238532110091743466e-01 -1.705209847502381493e+01
1.263552960800666813e-01 -1.704401313132166962e+01
1.288573811509590161e-01 -1.694160508789658337e+01
1.313594662218515730e-01 -1.596001008063101523e+01
1.338615512927439077e-01 -1.488740666418931546e+01
1.363636363636362425e-01 -1.476411214205386102e+01
1.388657214345287993e-01 -1.475754193064988762e+01
1.413678065054211341e-01 -1.476803315194415411e+01
1.438698915763134689e-01 -1.495098627167501704e+01
1.463719766472060257e-01 -1.626240622199340180e+01
1.488740617180983605e-01 -1.714566489344133160e+01
1.513761467889906953e-01 -1.722512638080309699e+01
1.538782318598832521e-01 -1.723104612418061521e+01
1.563803169307755869e-01 -1.725688499370482276e+01
1.588824020016679217e-01 -1.766387929249955846e+01
1.613844870725604785e-01 -1.969281758329179510e+01
1.638865721434528133e-01 -2.054154499892006314e+01
1.663886572143451481e-01 -2.060521558593211111e+01
1.688907422852377049e-01 -2.060688115711148072e+01
1.713928273561300397e-01 -2.057286141877353458e+01
1.738949124270223745e-01 -2.007552530909968169e+01
1.763969974979149313e-01 -1.845156960529045875e+01
1.788990825688072661e-01 -1.801941059947436941e+01
1.814011676396996009e-01 -1.799038002835556682e+01
1.839032527105921577e-01 -1.798376995533125111e+01
1.864053377814844925e-01 -1.789439119566133130e+01
1.889074228523768273e-01 -1.676651352996314515e+01
1.914095079232693841e-01 -1.445879386757416540e+01
1.939115929941617189e-01 -1.405121178981149122e+01
1.964136780650540537e-01 -1.402583115230009625e+01
1.989157631359466105e-01 -1.401906377776609425e+01
2.014178482068389453e-01 -1.392483276340422549e+01
2.039199332777312801e-01 -1.295843764120310837e+01
2.064220183486238369e-01 -1.175295302803033515e+01
2.089241034195161717e-01 -1.160285299853341989e+01
2.114261884904085065e-01 -1.159453996502249495e+01
2.139282735613010633e-01 -1.160302908554086265e+01
2.164303586321933981e-01 -1.175523184154338274e+01
2.189324437030857329e-01 -1.292891102010431936e+01
2.214345287739782897e-01 -1.381142382253396939e+01
2.239366138448706245e-01 -1.389482916465358109e+01
2.264386989157629593e-01 -1.389996252177994762e+01
2.289407839866555161e-01 -1.390710150333257289e+01
2.314428690575478509e-01 -1.401783475872104212e+01
2.339449541284404077e-01 -1.461024704659287821e+01
2.364470391993327425e-01 -1.488007082820587179e+01
2.389491242702250773e-01 -1.490090560261136154e+01
2.414512093411176341e-01 -1.490184909072183927e+01
2.439532944120099689e-01 -1.489785854225345574e+01
2.464553794829023037e-01 -1.483804928799760070e+01
2.489574645537948605e-01 -1.463062762788455018e+01
2.514595496246871953e-01 -1.457206228782319002e+01
2.539616346955795301e-01 -1.456798239051958532e+01
2.564637197664720869e-01 -1.456539265855549559e+01
2.589658048373644217e-01 -1.452312627163111003e+01
2.614678899082567565e-01 -1.398127413603208424e+01
2.639699749791493133e-01 -1.282357779629227679e+01
2.664720600500416481e-01 -1.261191298517231729e+01
2.689741451209339829e-01 -1.259842390061072948e+01
2.714762301918265397e-01 -1.259060488113574650e+01
2.739783152627188745e-01 -1.246632115887959280e+01
2.764804003336112093e-01 -1.117718539834372216e+01
2.789824854045037661e-01 -9.532722204280242195e+00
2.814845704753961009e-01 -9.325026663431845719e+00
2.839866555462884357e-01 -9.312768614200797046e+00
2.864887406171809925e-01 -9.311120911222177554e+00
2.889908256880733273e-01 -9.294528898318036525e+00
2.914929107589656621e-01 -9.166896799182651989e+00
2.939949958298582189e-01 -9.070941529313534701e+00
2.964970809007505537e-01 -9.061898619683235623e+00
2.989991659716428885e-01 -9.061802819010017274e+00
3.015012510425354453e-01 -9.069396336849303353e+00
3.040033361134277801e-01 -9.191721936027901663e+00
3.065054211843201148e-01 -9.834594626246303761e+00
3.090075062552126717e-01 -1.012105499796980013e+01
3.115095913261050065e-01 -1.014302563470398866e+01
3.140116763969973412e-01 -1.014425375258056938e+01
3.165137614678898981e-01 -1.014426955876165337e+01
3.190158465387822329e-01 -1.014351717977691791e+01
3.215179316096745676e-01 -1.014100077642412678e+01
3.240200166805671245e-01 -1.014031838332154756e+01
3.265221017514594593e-01 -1.014027091508228473e+01
3.290241868223517940e-01 -1.014023421479706855e+01
3.315262718932443509e-01 -1.013962606774643227e+01
3.340283569641366856e-01 -1.013200964298760809e+01
3.365304420350290204e-01 -1.011678415202407244e+01
3.390325271059215773e-01 -1.011413978400703684e+01
3.415346121768139120e-01 -1.011390125874422985e+01
3.440366972477062468e-01 -1.011250061731126770e+01
3.465387823185988037e-01 -1.008823696756654087e+01
3.490408673894911384e-01 -9.847690404462188241e+00
3.515429524603834732e-01 -9.567787884307762170e+00
3.540450375312760301e-01 -9.534357281754942903e+00
3.565471226021683648e-01 -9.531903216788240485e+00
3.590492076730609217e-01 -9.522644774640736998e+00
3.615512927439532564e-01 -9.368883286321617376e+00
3.640533778148455912e-01 -8.270434989055710062e+00
3.665554628857381481e-01 -7.534113960013792521e+00
3.690575479566304828e-01 -7.468033163704358657e+00
3.715596330275228176e-01 -7.463554347988489823e+00
3.740617180984153745e-01 -7.450123189628655496e+00
3.765638031693077092e-01 -7.242050125620971279e+00
3.790658882402000440e-01 -6.264563340681435832e+00
3.815679733110926009e-01 -5.882955045960368778e+00
3.840700583819849356e-01 -5.854881266599808676e+00
3.865721434528772704e-01 -5.853219628466669100e+00
3.890742285237698272e-01 -5.851449663840658566e+00
3.915763135946621620e-01 -5.827790552604234620e+00
3.940783986655544968e-01 -5.759946203824674704e+00
3.965804837364470536e-01 -5.743969942521554017e+00
3.990825688073393884e-01 -5.742949292075621770e+00
4.015846538782317232e-01 -5.743167076613843847e+00
4.040867389491242800e-01 -5.748032031498603978e+00
4.065888240200166148e-01 -5.804888134820472168e+00
4.090909090909089496e-01 -5.899566101901401183e+00
4.115929941618015064e-01 -5.913879885528122493e+00
4.140950792326938412e-01 -5.914731810174406412e+00
4.165971643035861760e-01 -5.914617280072403283e+00
4.190992493744787328e-01 -5.911828629747290620e+00
4.216013344453710676e-01 -5.887141164504891222e+00
4.241034195162634024e-01 -5.863881380303497259e+00
4.266055045871559592e-01 -5.861419558389547646e+00
4.291075896580482940e-01 -5.861274076156237633e+00
4.316096747289406288e-01 -5.861200768507743852e+00
4.341117597998331856e-01 -5.860125155892720983e+00
4.366138448707255204e-01 -5.853625236451897251e+00
4.391159299416178552e-01 -5.850168477473856932e+00
4.416180150125104120e-01 -5.849883836241493107e+00
4.441201000834027468e-01 -5.849823715261616819e+00
4.466221851542950816e-01 -5.849025419442341445e+00
4.491242702251876384e-01 -5.837034711701401868e+00
4.516263552960799732e-01 -5.791862355291231168e+00
4.541284403669723080e-01 -5.777992104029569198e+00
4.566305254378648648e-01 -5.777032816851454200e+00
4.591326105087571996e-01 -5.776898365543741143e+00
4.616346955796495344e-01 -5.775444089399039527e+00
4.641367806505420912e-01 -5.756668177153894561e+00
4.666388657214344260e-01 -5.715505048051949366e+00
4.691409507923267608e-01 -5.707815328811159716e+00
4.716430358632193176e-01 -5.707233474204863377e+00
4.741451209341116524e-01 -5.705303422626288423e+00
4.766472060050039872e-01 -5.672030534508553323e+00
4.791492910758965440e-01 -5.333558374867647167e+00
4.816513761467888788e-01 -4.918914643228662342e+00
4.841534612176812136e-01 -4.867833185305436849e+00
4.866555462885737704e-01 -4.864467875528852403e+00
4.891576313594661052e-01 -4.857517409903378436e+00
4.916597164303586620e-01 -4.743423349834317904e+00
4.941618015012509968e-01 -3.924467165458209283e+00
4.966638865721433316e-01 -3.371619176007724317e+00
4.991659716430358884e-01 -3.321850341035905707e+00
5.016680567139282232e-01 -3.318468868938143412e+00
5.041701417848205580e-01 -3.308221077703441981e+00
5.066722268557128928e-01 -3.150363635181347099e+00
5.091743119266052275e-01 -2.431476696512867353e+00
5.116763969974980064e-01 -2.160575513411203463e+00
5.141784820683903412e-01 -2.140844304614845761e+00
5.166805671392826760e-01 -2.139487814797432552e+00
5.191826522101750108e-01 -2.134840611013895995e+00
5.216847372810673455e-01 -2.071805056502219688e+00
5.241868223519596803e-01 -1.904422443636567541e+00
5.266889074228524592e-01 -1.867647222912282912e+00
5.291909924937447940e-01 -1.865293542836356400e+00
5.316930775646371288e-01 -1.865126245624262546e+00
5.341951626355294636e-01 -1.864464207442862342e+00
5.366972477064217983e-01 -1.857214971766839140e+00
5.391993327773141331e-01 -1.846578614988853895e+00
5.417014178482069120e-01 -1.845106200232887073e+00
5.442035029190992468e-01 -1.845014083303333718e+00
5.467055879899915816e-01 -1.844925233966726807e+00
5.492076730608839163e-01 -1.843493850766579012e+00
5.517097581317762511e-01 -1.832088983213995714e+00
5.542118432026690300e-01 -1.823056043180620422e+00
5.567139282735613648e-01 -1.822180414643365332e+00
5.592160133444536996e-01 -1.822117279414253943e+00
5.617180984153460344e-01 -1.821876638591945374e+00
5.642201834862383691e-01 -1.818077606256405243e+00
5.667222685571307039e-01 -1.798688990564935253e+00
5.692243536280234828e-01 -1.790348910592873377e+00
5.717264386989158176e-01 -1.789715640244194717e+00
5.742285237698081524e-01 -1.789662700328980893e+00
5.767306088407004871e-01 -1.789345744969988772e+00
5.792326939115928219e-01 -1.784879888716835783e+00
5.817347789824851567e-01 -1.771635414499586281e+00
5.842368640533779356e-01 -1.768418471834438677e+00
5.867389491242702704e-01 -1.768207635618350482e+00
5.892410341951626052e-01 -1.768178468868758069e+00
5.917431192660549399e-01 -1.767867814401331561e+00
5.942452043369472747e-01 -1.764291016005449242e+00
5.967472894078396095e-01 -1.758509481014016940e+00
5.992493744787323884e-01 -1.757653648620961295e+00
6.017514595496247232e-01 -1.757600444823928187e+00
6.042535446205170580e-01 -1.757563224058357410e+00
6.067556296914093927e-01 -1.756974123492018203e+00
6.092577147623017275e-01 -1.752054296529870658e+00
6.117597998331940623e-01 -1.747847874745455554e+00
6.142618849040868412e-01 -1.747424431114117827e+00
6.167639699749791760e-01 -1.747395365008481249e+00
6.192660550458715107e-01 -1.747307136179032216e+00
6.217681401167638455e-01 -1.745909041743813228e+00
6.242702251876561803e-01 -1.738454876236390501e+00
6.267723102585485151e-01 -1.735074215517629304e+00
6.292743953294412940e-01 -1.734812943591303558e+00
6.317764804003336288e-01 -1.734790055691145305e+00
6.342785654712259635e-01 -1.734640702612243457e+00
6.367806505421182983e-01 -1.732517255143386503e+00
6.392827356130106331e-01 -1.726021394676115595e+00
6.417848206839029679e-01 -1.724397180185704537e+00
6.442869057547957468e-01 -1.724290146347080110e+00
6.467889908256880815e-01 -1.724276580486826083e+00
6.492910758965804163e-01 -1.724140859563908723e+00
6.517931609674727511e-01 -1.722570982121330863e+00
6.542952460383650859e-01 -1.720002931551889214e+00
6.567973311092574207e-01 -1.719619604090272480e+00
6.592994161801501996e-01 -1.719596891934445981e+00
6.618015012510425343e-01 -1.719601090127024445e+00
6.643035863219348691e-01 -1.719694567203919666e+00
6.668056713928272039e-01 -1.720471463585079075e+00
6.693077564637195387e-01 -1.721129336732083681e+00
6.718098415346118735e-01 -1.721195408700047169e+00
6.743119266055046523e-01 -1.721203030628510655e+00
6.768140116763969871e-01 -1.721272873360658151e+00
6.793160967472893219e-01 -1.722388500272746814e+00
6.818181818181816567e-01 -1.728190581599732045e+00
6.843202668890739915e-01 -1.730743556152183116e+00
6.868223519599667704e-01 -1.730940015821116784e+00
6.893244370308591051e-01 -1.730977819266783069e+00
6.918265221017514399e-01 -1.731460957904794817e+00
6.943286071726437747e-01 -1.738267652747432557e+00
6.968306922435361095e-01 -1.758087942530455416e+00
6.993327773144284443e-01 -1.762821194736324815e+00
7.018348623853212231e-01 -1.763133231469408146e+00
7.043369474562135579e-01 -1.763229144078025223e+00
7.068390325271058927e-01 -1.764620926130682887e+00
7.093411175979982275e-01 -1.780244906294330409e+00
7.118432026688905623e-01 -1.803958187405519942e+00
7.143452877397828971e-01 -1.807317310715626180e+00
7.168473728106756759e-01 -1.807524825277244673e+00
7.193494578815680107e-01 -1.807668512014353634e+00
7.218515429524603455e-01 -1.809923099996032292e+00
7.243536280233526803e-01 -1.827534900972564547e+00
7.268557130942450151e-01 -1.841056165354362673e+00
7.293577981651373499e-01 -1.842346824464251132e+00
7.318598832360301287e-01 -1.842428846645785656e+00
7.343619683069224635e-01 -1.842584874198673450e+00
7.368640533778147983e-01 -1.844978011724353495e+00
7.393661384487071331e-01 -1.856268518749339513e+00
7.418682235195994679e-01 -1.860698390809480740e+00
7.443703085904918026e-01 -1.861030191471798823e+00
7.468723936613845815e-01 -1.861148706365409966e+00
7.493744787322769163e-01 -1.862944951109270830e+00
7.518765638031692511e-01 -1.887311184704715705e+00
7.543786488740615859e-01 -1.949377480864219248e+00
7.568807339449539207e-01 -1.962524168591936347e+00
7.593828190158462554e-01 -1.963354267233338613e+00
7.618849040867390343e-01 -1.963312702611865967e+00
7.643869891576313691e-01 -1.961778349355774109e+00
7.668890742285237039e-01 -1.945764751559461159e+00
7.693911592994160387e-01 -1.925156514319158019e+00
7.718932443703083734e-01 -1.922522854683691884e+00
7.743953294412007082e-01 -1.922067654879448639e+00
7.768974145120934871e-01 -1.916590828345634989e+00
7.793994995829858219e-01 -1.825146850323986714e+00
7.819015846538781567e-01 -1.194882296019882384e+00
7.844036697247704915e-01 -7.937659659430625902e-01
7.869057547956628262e-01 -7.585387989363980843e-01
7.894078398665551610e-01 -7.557179220389610430e-01
7.919099249374479399e-01 -7.406642611988424330e-01
7.944120100083402747e-01 -5.136554007114970677e-01
7.969140950792326095e-01 3.819482648120544610e-01
7.994161801501249442e-01 6.705219047251804732e-01
8.019182652210172790e-01 6.906805658832471106e-01
8.044203502919096138e-01 6.926508084678310029e-01
8.069224353628023927e-01 7.078640730203394904e-01
8.094245204336947275e-01 8.988570402385400726e-01
8.119266055045870623e-01 1.287344332371366251e+00
8.144286905754793970e-01 1.355638190576686331e+00
8.169307756463717318e-01 1.359859735159790306e+00
8.194328607172645107e-01 1.360480289028432432e+00
8.219349457881568455e-01 1.367213092299802479e+00
8.244370308590491803e-01 1.428469261905095156e+00
8.269391159299415150e-01 1.489345465390359058e+00
8.294412010008338498e-01 1.495979077832617632e+00
8.319432860717261846e-01 1.496380829398725743e+00
8.344453711426189635e-01 1.496734495208479121e+00
8.369474562135112983e-01 1.502131173230029093e+00
8.394495412844036331e-01 1.532396073206560905e+00
8.419516263552959678e-01 1.547013444260038284e+00
8.444537114261883026e-01 1.548167412399566567e+00
8.469557964970806374e-01 1.548260908106004363e+00
8.494578815679734163e-01 1.548781605232995018e+00
8.519599666388657511e-01 1.556137439425339331e+00
8.544620517097580858e-01 1.578223883231332669e+00
8.569641367806504206e-01 1.583650636590502758e+00
8.594662218515427554e-01 1.584008467207202120e+00
8.619683069224350902e-01 1.584081671299980787e+00
8.644703919933278691e-01 1.585025831776437855e+00
8.669724770642202039e-01 1.595480375862643019e+00
8.694745621351125386e-01 1.610873298716987367e+00
8.719766472060048734e-01 1.613009076350967907e+00
8.744787322768972082e-01 1.613141297814453479e+00
8.769808173477895430e-01 1.613243969101401998e+00
8.794829024186823219e-01 1.614857684486682210e+00
8.819849874895746566e-01 1.626708937860626536e+00
8.844870725604669914e-01 1.634987331406964284e+00
8.869891576313593262e-01 1.635743914220203488e+00
8.894912427022516610e-01 1.635794435756827703e+00
8.919933277731439958e-01 1.635933000076840838e+00
8.944954128440367747e-01 1.638021866242425517e+00
8.969974979149291094e-01 1.646642159467827105e+00
8.994995829858214442e-01 1.649556286614380918e+00
9.020016680567137790e-01 1.649762954359869527e+00
9.045037531276061138e-01 1.649792020929571779e+00
9.070058381984984486e-01 1.650106236871324183e+00
9.095079232693912274e-01 1.654073175560097697e+00
9.120100083402835622e-01 1.662223777643655032e+00
9.145120934111758970e-01 1.663668161334454165e+00
9.170141784820682318e-01 1.663759692233429677e+00
9.195162635529605666e-01 1.663811765050733360e+00
9.220183486238529014e-01 1.664625835569695900e+00
9.245204336947456802e-01 1.671912613419815452e+00
9.270225187656380150e-01 1.678927629601740579e+00
9.295246038365303498e-01 1.679679095273550304e+00
9.320266889074226846e-01 1.679729069440247802e+00
9.345287739783150194e-01 1.679851582016112621e+00
9.370308590492077983e-01 1.681782164435570381e+00
9.395329441201001330e-01 1.692003618763117112e+00
9.420350291909924678e-01 1.696599984803442762e+00
9.445371142618848026e-01 1.696954804374088299e+00
9.470391993327771374e-01 1.696996922927287876e+00
9.495412844036694722e-01 1.697397726492688941e+00
9.520433694745622510e-01 1.702914040764014647e+00
9.545454545454545858e-01 1.717776752293726839e+00
9.570475396163469206e-01 1.721084830273876154e+00
9.595496246872392554e-01 1.721300897141067265e+00
9.620517097581315902e-01 1.721385680222838666e+00
9.645537948290239250e-01 1.722664488648991910e+00
9.670558798999167038e-01 1.735827494622283362e+00
9.695579649708090386e-01 1.752360643063676449e+00
9.720600500417013734e-01 1.754428939248896757e+00
9.745621351125937082e-01 1.754558135306976796e+00
9.770642201834860430e-01 1.754706736224189045e+00
9.795663052543783778e-01 1.757055102136720004e+00
9.820683903252711566e-01 1.772039613094832156e+00
9.845704753961634914e-01 1.780606437664908892e+00
9.870725604670558262e-01 1.781325996126650324e+00
9.895746455379481610e-01 1.781373337756696040e+00
9.920767306088404958e-01 1.781497192330624868e+00
9.945788156797328305e-01 1.783273066157148312e+00
9.970809007506256094e-01 1.789175270857152444e+00
9.995829858215179442e-01 1.790773276006665693e+00
1.002085070892410279e+00 1.790880106287451534e+00
1.004587155963302614e+00 1.790887524023360378e+00
1.007089241034194949e+00 1.790914227875722187e+00
1.009591326105087283e+00 1.791212999942298545e+00
1.012093411175980062e+00 1.791675131615524830e+00
1.014595496246872397e+00 1.791741457363239753e+00
1.017097581317764732e+00 1.791745503583351606e+00
1.019599666388657067e+00 1.791747282919255113e+00
1.022101751459549401e+00 1.791773591359222539e+00
1.024603836530441736e+00 1.791965182297524661e+00
1.027105921601334515e+00 1.792097388858061802e+00
1.029608006672226850e+00 1.792109458555870782e+00
1.032110091743119185e+00 1.792111229949123086e+00
1.034612176814011519e+00 1.792130910352208284e+00
1.037114261884903854e+00 1.792428025004943359e+00
1.039616346955796189e+00 1.793577574073342840e+00
1.042118432026688968e+00 1.793940947491985627e+00
1.044620517097581303e+00 1.793975417457858379e+00
1.047122602168473637e+00 1.794146431990814916e+00
1.049624687239365972e+00 1.797154987383103419e+00
1.052126772310258307e+00 1.833370520913096602e+00
1.054628857381150642e+00 1.898446245172867863e+00
1.057130942452043421e+00 1.908857395457038697e+00
1.059633027522935755e+00 1.909646948138259637e+00
1.062135112593828090e+00 1.912569948089849259e+00
1.064637197664720425e+00 1.961740672821000064e+00
1.067139282735612760e+00 2.352192634940245330e+00
1.069641367806505539e+00 2.659707061395301775e+00
1.072143452877397873e+00 2.689451482284157979e+00
1.074645537948290208e+00 2.691884785602938646e+00
1.077147623019182543e+00 2.705278824500315871e+00
1.079649708090074878e+00 2.910637189794250457e+00
1.082151793160967213e+00 3.786473550970085089e+00
1.084653878231859991e+00 4.093313140999878641e+00
1.087155963302752326e+00 4.115265620904863475e+00
1.089658048373644661e+00 4.117947413350519170e+00
1.092160133444536996e+00 4.144031896092934097e+00
1.094662218515429331e+00 4.468191715483199822e+00
1.097164303586321665e+00 5.106551937679882691e+00
1.099666388657214444e+00 5.215965677826051028e+00
1.102168473728106779e+00 5.222704933679727546e+00
1.104670558798999114e+00 5.223744824053236258e+00
1.107172643869891449e+00 5.235232709170623444e+00
1.109674728940783783e+00 5.330569209006901232e+00
1.112176814011676118e+00 5.411433758552052886e+00
1.114678899082568897e+00 5.419538271634072757e+00
1.117180984153461232e+00 5.420038752079167743e+00
1.119683069224353567e+00 5.420715307900131563e+00
1.122185154295245901e+00 5.430860006682920016e+00
1.124687239366138236e+00 5.476153440381567705e+00
1.127189324437030571e+00 5.492847699486422819e+00
1.129691409507923350e+00 5.494058173851237292e+00
1.132193494578815685e+00 5.494184340900805097e+00
1.134695579649708019e+00 5.495235138116914442e+00
1.137197664720600354e+00 5.508440143603134942e+00
1.139699749791492689e+00 5.535334443315865549e+00
1.142201834862385024e+00 5.540067586953112411e+00
1.144703919933277803e+00 5.540368678396720981e+00
1.147206005004170137e+00 5.540566092780562890e+00
1.149708090075062472e+00 5.543673779340587693e+00
1.152210175145954807e+00 5.569732926584570087e+00
1.154712260216847142e+00 5.592164450937773701e+00
1.157214345287739476e+00 5.594426025994299501e+00
1.159716430358632255e+00 5.594502780715252754e+00
1.162218515429524590e+00 5.593549687857013453e+00
1.164720600500416925e+00 5.578602171453371561e+00
1.167222685571309260e+00 5.512150430521438160e+00
1.169724770642201594e+00 5.487779915858132185e+00
1.172226855713093929e+00 5.486035971468739447e+00
1.174728940783986708e+00 5.486228721407669262e+00
1.177231025854879043e+00 5.491398933138709637e+00
1.179733110925771378e+00 5.556091915263132286e+00
1.182235195996663712e+00 5.684639570582315393e+00
1.184737281067556047e+00 5.706843359939404614e+00
1.187239366138448382e+00 5.708519904776653497e+00
1.189741451209341161e+00 5.714336312124346229e+00
1.192243536280233496e+00 5.812388310057706065e+00
1.194745621351125831e+00 6.612232047289468895e+00
1.197247706422018165e+00 7.269991469658569905e+00
1.199749791492910500e+00 7.334948099660145715e+00
1.202251876563803279e+00 7.339810787294311467e+00
1.204753961634695614e+00 7.360749688921570666e+00
1.207256046705587949e+00 7.679957021235132686e+00
1.209758131776480283e+00 9.021975189306001397e+00
1.212260216847372618e+00 9.484847192944670269e+00
1.214762301918264953e+00 9.517734890029650785e+00
1.217264386989157732e+00 9.520201297789405714e+00
1.219766472060050067e+00 9.531588851096442383e+00
1.222268557130942401e+00 9.668318084879649277e+00
1.224770642201834736e+00 9.918013804669662647e+00
1.227272727272727071e+00 9.958416412326926093e+00
1.229774812343619406e+00 9.960887118042867527e+00
1.232276897414512185e+00 9.961335915855526579e+00
1.234778982485404519e+00 9.966653940569088377e+00
1.237281067556296854e+00 1.000714322824823732e+01
1.239783152627189189e+00 1.003706549327475095e+01
1.242285237698081524e+00 1.003985833451917387e+01
1.244787322768973858e+00 1.003980476449162040e+01
1.247289407839866637e+00 1.003596760236124652e+01
1.249791492910758972e+00 9.978145842882646832e+00
1.252293577981651307e+00 9.760450627668026513e+00
1.254795663052543642e+00 9.693646455729014733e+00
1.257297748123435976e+00 9.688947104795518683e+00
1.259799833194328311e+00 9.686840876517097243e+00
1.262301918265221090e+00 9.654145241645830211e+00
1.264804003336113425e+00 9.280859706282386767e+00
1.267306088407005760e+00 8.691804774182148918e+00
1.269808173477898094e+00 8.606109331483262181e+00
1.272310258548790429e+00 8.601459725837678150e+00
1.274812343619682764e+00 8.609863066405296195e+00
1.277314428690575543e+00 8.754840644243506276e+00
1.279816513761467878e+00 9.741244677527088669e+00
1.282318598832360212e+00 1.035748361877324619e+01
1.284820683903252547e+00 1.041124471212387625e+01
1.287322768974144882e+00 1.041667295255532721e+01
1.289824854045037217e+00 1.045986219964210129e+01
1.292326939115929996e+00 1.108085380696459588e+01
1.294829024186822330e+00 1.305302779664584456e+01
1.297331109257714665e+00 1.356400462113154504e+01
1.299833194328607000e+00 1.359801945515177124e+01
1.302335279399499335e+00 1.360381895304452193e+01
1.304837364470391670e+00 1.367266168365723189e+01
1.307339449541284448e+00 1.438681016422925296e+01
1.309841534612176783e+00 1.530021068626764169e+01
1.312343619683069118e+00 1.541574140133338666e+01
1.314845704753961453e+00 1.542210574342621321e+01
1.317347789824853788e+00 1.541474008192876077e+01
1.319849874895746566e+00 1.528873659533821794e+01
1.322351959966638901e+00 1.456520273592715142e+01
1.324854045037531236e+00 1.420529374931699707e+01
1.327356130108423571e+00 1.417650529887590949e+01
1.329858215179315906e+00 1.417277508742287573e+01
1.332360300250208240e+00 1.413476588006719048e+01
1.334862385321101019e+00 1.362245225635177626e+01
1.337364470391993354e+00 1.233716537509918787e+01
1.339866555462885689e+00 1.206848409372927478e+01
1.342368640533778024e+00 1.205154435287516179e+01
1.344870725604670358e+00 1.205209566282502998e+01
1.347372810675562693e+00 1.207781111624129267e+01
1.349874895746455472e+00 1.230966281569329901e+01
1.352376980817347807e+00 1.253482508121149053e+01
1.354879065888240142e+00 1.255916075147900379e+01
1.357381150959132476e+00 1.256263060378601537e+01
1.359883236030024811e+00 1.260014642447485400e+01
1.362385321100917146e+00 1.318511800402468381e+01
1.364887406171809925e+00 1.583564702909367838e+01
1.367389491242702260e+00 1.682873841087759459e+01
1.369891576313594594e+00 1.690123964135868917e+01
1.372393661384486929e+00 1.691152182326203857e+01
1.374895746455379264e+00 1.702278654727390617e+01
1.377397831526271599e+00 1.837354050726982280e+01
1.379899916597164378e+00 2.086756299941557913e+01
1.382402001668056712e+00 2.127439037213776984e+01
1.384904086738949047e+00 2.129805196029126080e+01
1.387406171809841382e+00 2.127985475860850428e+01
1.389908256880733717e+00 2.095036415614758951e+01
1.392410341951626052e+00 1.854576637072669598e+01
1.394912427022518830e+00 1.688295258570114754e+01
1.397414512093411165e+00 1.673167827253985962e+01
1.399916597164303500e+00 1.672176120513070074e+01
1.402418682235195835e+00 1.669741321965414116e+01
1.404920767306088170e+00 1.634919503534353424e+01
1.407422852376980504e+00 1.519724768562315731e+01
1.409924937447873283e+00 1.488679442293735455e+01
1.412427022518765618e+00 1.486646674691793812e+01
1.414929107589657953e+00 1.487243293299886027e+01
1.417431192660550288e+00 1.499690739088197766e+01
1.419933277731442622e+00 1.628288003969182896e+01
1.422435362802334957e+00 1.790707248612265801e+01
1.424937447873227736e+00 1.811113640920997980e+01
1.427439532944120071e+00 1.812703012636888644e+01
1.429941618015012406e+00 1.819875423120241109e+01
1.432443703085904740e+00 1.934586344448527484e+01
1.434945788156797075e+00 2.558290909796469847e+01
1.437447873227689410e+00 2.848050925014815604e+01
1.439949958298582189e+00 2.870557097918018385e+01
1.442452043369474524e+00 2.871230195602426605e+01
1.444954128440366858e+00 2.860753442427275317e+01
1.447456213511259193e+00 2.723776333250074089e+01
1.449958298582151528e+00 2.419855123339034719e+01
1.452460383653044307e+00 2.362557231266299596e+01
1.454962468723936642e+00 2.358864199669871198e+01
1.457464553794828976e+00 2.356322862491344239e+01
1.459966638865721311e+00 2.316335208693140046e+01
1.462468723936613646e+00 1.994484180048847222e+01
1.464970809007505981e+00 1.735378919401512121e+01
1.467472894078398760e+00 1.710094883468066485e+01
1.469974979149291094e+00 1.708879507438845025e+01
1.472477064220183429e+00 1.712964615976909499e+01
1.474979149291075764e+00 1.775205063153350338e+01
1.477481234361968099e+00 2.003515730343394807e+01
1.479983319432860434e+00 2.071728176938130517e+01
1.482485404503753212e+00 2.076534902635498980e+01
1.484987489574645547e+00 2.079403423979724508e+01
1.487489574645537882e+00 2.125241740591155803e+01
1.489991659716430217e+00 2.616258321429728539e+01
1.492493744787322552e+00 3.286824422245582866e+01
1.494995829858214886e+00 3.375292176369245567e+01
1.497497914929107665e+00 3.380214835797923456e+01
1.500000000000000000e+00 3.374987007576645937e+01
