# # hall conductivity
-5.999999999999999778e-01 -6.799454202364074717e-01
-5.959999999999999742e-01 -6.003414498401917765e-01
-5.919999999999999707e-01 1.293461355141957592e+00
-5.879999999999999671e-01 1.873677025980807764e+00
-5.839999999999999636e-01 1.885630233052914884e+00
-5.799999999999999600e-01 2.313186307942743714e+00
-5.759999999999999565e-01 5.182966802813008478e+00
-5.719999999999999529e-01 5.408838066871871852e+00
-5.679999999999999494e-01 5.418199391311975255e+00
-5.639999999999999458e-01 5.873552331199692667e+00
-5.599999999999999423e-01 6.621610847344513218e+00
-5.559999999999999387e-01 6.640808324707290211e+00
-5.519999999999999352e-01 6.643148823300393246e+00
-5.479999999999999316e-01 6.705025475321338746e+00
-5.439999999999999281e-01 6.729263855777580794e+00
-5.400000000000000355e-01 6.731940922917711845e+00
-5.360000000000000320e-01 6.952092912031836214e+00
-5.320000000000000284e-01 8.805338317982108975e+00
-5.280000000000000249e-01 8.986711306702447999e+00
-5.240000000000000213e-01 9.006095299703071433e+00
-5.200000000000000178e-01 1.023485623932532640e+01
-5.160000000000000142e-01 1.277661128161009430e+01
-5.120000000000000107e-01 1.285290469760163035e+01
-5.080000000000000071e-01 1.288701473847766898e+01
-5.040000000000000036e-01 1.401104493889397773e+01
-5.000000000000000000e-01 1.455983940023717338e+01
-4.959999999999999964e-01 1.456593171639010365e+01
-4.919999999999999929e-01 1.439987816708774737e+01
-4.879999999999999893e-01 1.269421511348933684e+01
-4.839999999999999858e-01 1.249059701433502134e+01
-4.799999999999999822e-01 1.246779586548779584e+01
-4.759999999999999787e-01 1.092415834629750648e+01
-4.719999999999999751e-01 7.008599467885263223e+00
-4.679999999999999716e-01 6.871723064610525178e+00
-4.639999999999999680e-01 6.728917108968970773e+00
-4.599999999999999645e-01 1.296744492041459917e+00
-4.559999999999999609e-01 -1.929296446397922082e+00
-4.519999999999999574e-01 -1.984400154384397652e+00
-4.479999999999999538e-01 -2.539384135260442044e+00
-4.439999999999999503e-01 -9.290812662394181132e+00
-4.399999999999999467e-01 -1.025185435614732476e+01
-4.359999999999999432e-01 -1.026859698733394488e+01
-4.319999999999999396e-01 -1.075900692349049947e+01
-4.279999999999999361e-01 -1.224285083898287319e+01
-4.239999999999999880e-01 -1.230095976238054867e+01
-4.199999999999999845e-01 -1.223720172845562537e+01
-4.159999999999999809e-01 -9.492567383934522596e+00
-4.119999999999999774e-01 -7.562479384080697642e+00
-4.079999999999999738e-01 -7.526131735905612352e+00
-4.039999999999999702e-01 -7.061604670357841229e+00
-3.999999999999999667e-01 -5.442424988193238500e-01
-3.959999999999999631e-01 5.365812548187343101e-01
-3.919999999999999596e-01 5.667702973501076436e-01
-3.880000000000000115e-01 2.041730129953596151e+00
-3.840000000000000080e-01 7.218254509402082242e+00
-3.800000000000000044e-01 7.448829618105080819e+00
-3.760000000000000009e-01 7.447021094320906087e+00
-3.719999999999999973e-01 7.256750809570607252e+00
-3.679999999999999938e-01 7.102650125847892681e+00
-3.639999999999999902e-01 7.095374938490985883e+00
-3.599999999999999867e-01 6.643290269676331405e+00
-3.559999999999999831e-01 -4.739114656674622839e-01
-3.519999999999999796e-01 -1.813143138862707504e+00
-3.479999999999999760e-01 -1.849058760911086230e+00
-3.439999999999999725e-01 -3.575413118239063159e+00
-3.399999999999999689e-01 -1.040063178144725420e+01
-3.359999999999999654e-01 -1.073618472437045490e+01
-3.319999999999999618e-01 -1.074790559072040885e+01
-3.279999999999999583e-01 -1.115951507454690095e+01
-3.239999999999999547e-01 -1.153202038129189511e+01
-3.199999999999999512e-01 -1.153653650450998569e+01
-3.159999999999999476e-01 -1.130722073479927126e+01
-3.119999999999999440e-01 -7.367330012983922316e+00
-3.079999999999999960e-01 -6.549441351221129359e+00
-3.039999999999999925e-01 -6.532004779913496151e+00
-2.999999999999999889e-01 -5.853817374706899557e+00
-2.959999999999999853e-01 -2.922399264497013593e+00
-2.919999999999999818e-01 -2.767059931405553730e+00
-2.879999999999999782e-01 -2.770677179590633976e+00
-2.839999999999999747e-01 -3.036821401002584242e+00
-2.799999999999999711e-01 -3.298097536564171151e+00
-2.759999999999999676e-01 -3.304574425096297841e+00
-2.719999999999999640e-01 -3.452229581714520101e+00
-2.679999999999999605e-01 -6.143701504888234410e+00
-2.639999999999999569e-01 -6.742183397822765656e+00
-2.599999999999999534e-01 -6.755190385937882347e+00
-2.559999999999999498e-01 -7.270814953374797440e+00
-2.519999999999999463e-01 -9.634165545356619731e+00
-2.479999999999999982e-01 -9.765903790458111189e+00
-2.439999999999999947e-01 -9.764583026614324979e+00
-2.399999999999999911e-01 -9.624986427832169511e+00
-2.359999999999999876e-01 -9.480966480744470459e+00
-2.319999999999999840e-01 -9.476913236609254554e+00
-2.279999999999999805e-01 -9.354376445790597572e+00
-2.239999999999999769e-01 -7.046703351555372308e+00
-2.199999999999999734e-01 -6.513787993388183040e+00
-2.159999999999999698e-01 -6.503605050120185638e+00
-2.119999999999999662e-01 -6.166688151228420622e+00
-2.079999999999999627e-01 -4.579938521606138124e+00
-2.039999999999999591e-01 -4.489501757335839116e+00
-1.999999999999999556e-01 -4.503613441110313254e+00
-1.959999999999999520e-01 -5.302107227261445566e+00
-1.919999999999999485e-01 -6.139916128954640229e+00
-1.879999999999999449e-01 -6.158517323942807487e+00
-1.839999999999999414e-01 -6.361974593826969837e+00
-1.799999999999999933e-01 -1.021031118941830407e+01
-1.759999999999999898e-01 -1.110416238878651818e+01
-1.719999999999999862e-01 -1.112267555512218387e+01
-1.679999999999999827e-01 -1.180977031381840092e+01
-1.639999999999999791e-01 -1.502918670856488603e+01
-1.599999999999999756e-01 -1.521202731918485362e+01
-1.559999999999999720e-01 -1.520127754350026272e+01
-1.519999999999999685e-01 -1.453743668548758272e+01
-1.479999999999999649e-01 -1.385238681149881579e+01
-1.439999999999999614e-01 -1.383644444541396012e+01
-1.399999999999999578e-01 -1.358591081147654478e+01
-1.359999999999999543e-01 -8.955781941501401278e+00
-1.319999999999999507e-01 -7.909371281438837720e+00
-1.279999999999999472e-01 -7.886165351988367433e+00
-1.239999999999999436e-01 -6.950793680544338216e+00
-1.199999999999999956e-01 -2.733773658888017710e+00
-1.159999999999999920e-01 -2.501827357231668270e+00
-1.119999999999999885e-01 -2.481921302362086745e+00
-1.079999999999999849e-01 -1.579783953957479614e+00
-1.039999999999999813e-01 -6.955063548519180294e-01
-9.999999999999997780e-02 -6.794578189883994090e-01
-9.599999999999997424e-02 -7.612633749089049440e-01
-9.199999999999997069e-02 -2.198439007504277232e+00
-8.799999999999996714e-02 -2.503950934452862320e+00
-8.399999999999996358e-02 -2.516963127541946399e+00
-7.999999999999996003e-02 -3.315931946867900493e+00
-7.599999999999995648e-02 -6.664110058405846360e+00
-7.199999999999995293e-02 -6.837339839110794237e+00
-6.799999999999994937e-02 -6.878515060523847424e+00
-6.399999999999994582e-02 -8.812727598656481476e+00
-5.999999999999994227e-02 -1.055051882965776677e+01
-5.599999999999993872e-02 -1.058206950145874714e+01
-5.199999999999993516e-02 -1.056072299615226662e+01
-4.799999999999993161e-02 -1.021189775424770296e+01
-4.399999999999992806e-02 -1.014445992627115700e+01
-3.999999999999992450e-02 -1.013263570163422500e+01
-3.599999999999992095e-02 -9.220345748362325011e+00
-3.199999999999991740e-02 -5.792359008227540684e+00
-2.799999999999991385e-02 -5.630288486648856505e+00
-2.399999999999991029e-02 -5.570258749721743285e+00
-2.000000000000001776e-02 -2.895355355567486910e+00
-1.600000000000001421e-02 -7.721436637421064120e-01
-1.200000000000001066e-02 -7.342241987876103604e-01
-8.000000000000007105e-03 -6.085599908011035675e-01
-4.000000000000003553e-03 1.184047473774182624e+00
0.000000000000000000e+00 1.487410994090006211e+00
4.000000000000003553e-03 1.488640248913870590e+00
8.000000000000007105e-03 1.315993168184005802e+00
1.200000000000001066e-02 7.555382979343060468e-01
1.600000000000001421e-02 7.318047305616335318e-01
2.000000000000001776e-02 7.019611855960380398e-01
2.400000000000002132e-02 -5.304816530668766683e-01
2.800000000000002487e-02 -1.362713871230722074e+00
3.200000000000002842e-02 -1.377209426068198406e+00
3.600000000000003197e-02 -1.483619119048825929e+00
4.000000000000003553e-02 -2.785394778454850506e+00
4.400000000000003908e-02 -2.971885952806788467e+00
4.800000000000004263e-02 -2.976641788715556292e+00
5.200000000000004619e-02 -3.183587438037179584e+00
5.600000000000004974e-02 -3.741608498783404624e+00
6.000000000000005329e-02 -3.761965800960526796e+00
6.400000000000005684e-02 -3.776665182230105167e+00
6.800000000000006040e-02 -4.307922737743401953e+00
7.200000000000006395e-02 -4.601559705457028748e+00
7.600000000000006750e-02 -4.606801086819307223e+00
8.000000000000007105e-02 -4.689237171523132020e+00
8.400000000000007461e-02 -5.519991337952185440e+00
8.800000000000007816e-02 -5.617276374327034638e+00
9.200000000000008171e-02 -5.620321340891127448e+00
9.600000000000008527e-02 -5.763186546266057420e+00
1.000000000000000888e-01 -6.070662665370764266e+00
1.039999999999999813e-01 -6.080006554571644628e+00
1.079999999999999849e-01 -6.069517632596826751e+00
1.119999999999999885e-01 -5.740912149040678258e+00
1.159999999999999920e-01 -5.597961740350523741e+00
1.199999999999999956e-01 -5.595014655387795521e+00
1.239999999999999991e-01 -5.503863007627092685e+00
1.280000000000000027e-01 -4.778596653142190398e+00
1.320000000000000062e-01 -4.711430074518110800e+00
1.360000000000000098e-01 -4.707118969475740045e+00
1.400000000000000133e-01 -4.473128829165914588e+00
1.440000000000000169e-01 -4.087484951490576002e+00
1.480000000000000204e-01 -4.077334060453657649e+00
1.520000000000000240e-01 -4.052574739294593442e+00
1.560000000000000275e-01 -3.431510742862116992e+00
1.600000000000000311e-01 -3.227107112381376819e+00
1.640000000000000346e-01 -3.223251499395929365e+00
1.680000000000000382e-01 -3.110813361473585115e+00
1.720000000000000417e-01 -2.435319605001188936e+00
1.760000000000000453e-01 -2.387419506505852773e+00
1.800000000000000488e-01 -2.392432478561941522e+00
1.840000000000000524e-01 -2.705504225652021422e+00
1.880000000000000560e-01 -3.084201206126453432e+00
1.920000000000000595e-01 -3.093000871699570276e+00
1.960000000000000631e-01 -3.164532476444476661e+00
2.000000000000000666e-01 -4.552740016962150804e+00
2.040000000000000702e-01 -4.885173272060223226e+00
2.080000000000000737e-01 -4.891737854851712086e+00
2.120000000000000773e-01 -5.114416033813454554e+00
2.160000000000000808e-01 -6.078973471453000599e+00
2.200000000000000844e-01 -6.130259422718851603e+00
2.240000000000000879e-01 -6.137114964063928646e+00
2.280000000000000915e-01 -6.438852843373650714e+00
2.320000000000000950e-01 -6.695385104355122685e+00
2.359999999999999876e-01 -6.699817007763240184e+00
2.399999999999999911e-01 -6.686493252768967999e+00
2.439999999999999947e-01 -6.496730767761706105e+00
2.479999999999999982e-01 -6.464836969337908634e+00
2.520000000000000018e-01 -6.459456487927805135e+00
2.560000000000000053e-01 -6.066686547017980047e+00
2.600000000000000089e-01 -4.896729825501147992e+00
2.640000000000000124e-01 -4.850639266615508483e+00
2.680000000000000160e-01 -4.814765266615961714e+00
2.720000000000000195e-01 -3.486980572042327253e+00
2.760000000000000231e-01 -2.727142897285590450e+00
2.800000000000000266e-01 -2.714638731899712720e+00
2.840000000000000302e-01 -2.616176894771777839e+00
2.880000000000000338e-01 -1.652842375349623083e+00
2.920000000000000373e-01 -1.543317325312715926e+00
2.960000000000000409e-01 -1.542221187646424907e+00
3.000000000000000444e-01 -1.547013213527908881e+00
3.040000000000000480e-01 -1.556389217894312615e+00
3.080000000000000515e-01 -1.556752064636981014e+00
3.120000000000000551e-01 -1.566212983376016998e+00
3.160000000000000586e-01 -1.826381781743733779e+00
3.200000000000000622e-01 -1.922408176846508221e+00
3.240000000000000657e-01 -1.923529517321454163e+00
3.280000000000000693e-01 -1.911038491367966996e+00
3.320000000000000728e-01 -1.831308018893732070e+00
3.360000000000000764e-01 -1.825282711797903801e+00
3.400000000000000799e-01 -1.820486592694339878e+00
3.440000000000000835e-01 -1.550210374022237270e+00
3.480000000000000870e-01 -1.220801610479837152e+00
3.520000000000000906e-01 -1.213537286382614155e+00
3.560000000000000941e-01 -1.193177322627541947e+00
3.599999999999999867e-01 -8.141703272547408110e-01
3.639999999999999902e-01 -7.275088489794787616e-01
3.679999999999999938e-01 -7.264006130314775156e-01
3.719999999999999973e-01 -7.189442896107146597e-01
3.760000000000000009e-01 -6.897610820920661023e-01
3.800000000000000044e-01 -6.883630711549394432e-01
3.840000000000000080e-01 -6.909934437216087577e-01
3.880000000000000115e-01 -8.059496832786177123e-01
3.920000000000000151e-01 -8.893780229224599321e-01
3.960000000000000187e-01 -8.909326226543389238e-01
4.000000000000000222e-01 -9.073840278186261488e-01
4.040000000000000258e-01 -1.100081032417459914e+00
4.080000000000000293e-01 -1.126442086659551478e+00
4.120000000000000329e-01 -1.127229641535794968e+00
4.160000000000000364e-01 -1.163552552060353795e+00
4.200000000000000400e-01 -1.246262930548033721e+00
4.240000000000000435e-01 -1.248895919159468848e+00
4.280000000000000471e-01 -1.247659005049515990e+00
4.320000000000000506e-01 -1.209895852746200484e+00
4.360000000000000542e-01 -1.194302081561378071e+00
4.400000000000000577e-01 -1.193860822713501024e+00
4.440000000000000613e-01 -1.172867338467303400e+00
4.480000000000000648e-01 -1.029651507102086194e+00
4.520000000000000684e-01 -1.018192100005988365e+00
4.560000000000000719e-01 -1.016207398493601977e+00
4.600000000000000755e-01 -9.082696857950471880e-01
4.640000000000000790e-01 -7.729417922823026421e-01
4.680000000000000826e-01 -7.698959050498836998e-01
4.720000000000000862e-01 -7.600636080129944405e-01
4.760000000000000897e-01 -5.791671489865769518e-01
4.800000000000000933e-01 -5.383855808233414253e-01
4.840000000000000968e-01 -5.376768865021223087e-01
4.880000000000001004e-01 -5.187061407470179297e-01
4.920000000000001039e-01 -4.484657451160669051e-01
4.960000000000001075e-01 -4.452051408577021863e-01
5.000000000000001110e-01 -4.461126304105769713e-01
5.040000000000001146e-01 -4.845512662293767203e-01
5.080000000000001181e-01 -5.097652610459816325e-01
5.120000000000001217e-01 -5.102723123822581197e-01
5.160000000000001252e-01 -5.203778089613071423e-01
5.200000000000001288e-01 -6.241374860229510491e-01
5.240000000000001323e-01 -6.365217657876930391e-01
5.280000000000001359e-01 -6.370943584108078594e-01
5.320000000000001394e-01 -6.670738950643028131e-01
5.360000000000001430e-01 -7.236327181404581532e-01
5.400000000000001465e-01 -7.252281055643573504e-01
5.440000000000001501e-01 -7.260535005690281762e-01
5.480000000000001537e-01 -7.463776288795261893e-01
5.520000000000001572e-01 -7.530372403445450002e-01
5.559999999999999387e-01 -7.531214659374501075e-01
5.599999999999999423e-01 -7.530823717694035135e-01
5.639999999999999458e-01 -7.528738782402137897e-01
5.679999999999999494e-01 -7.528604827483255102e-01
5.719999999999999529e-01 -7.528237981534146028e-01
5.759999999999999565e-01 -7.510217038933558742e-01
5.799999999999999600e-01 -7.493865875528252785e-01
5.839999999999999636e-01 -7.493540398633361521e-01
5.879999999999999671e-01 -7.491089974859483913e-01
5.919999999999999707e-01 -7.458245123374455110e-01
5.959999999999999742e-01 -7.453058019202257745e-01
5.999999999999999778e-01 -7.452908643757848450e-01
6.039999999999999813e-01 -7.446086319153354394e-01
6.079999999999999849e-01 -7.429301039164535325e-01
6.119999999999999885e-01 -7.428743407987177250e-01
6.159999999999999920e-01 -7.429779891785518453e-01
6.199999999999999956e-01 -7.461041523476151793e-01
6.239999999999999991e-01 -7.474008969750253195e-01
6.280000000000000027e-01 -7.474374638503032964e-01
6.320000000000000062e-01 -7.491542990376717226e-01
6.360000000000000098e-01 -7.601164942629086152e-01
6.400000000000000133e-01 -7.609421427031997087e-01
6.440000000000000169e-01 -7.612050509684484823e-01
6.480000000000000204e-01 -7.749570599538967430e-01
6.520000000000000240e-01 -7.898889535819538787e-01
6.560000000000000275e-01 -7.902198417536551167e-01
6.600000000000000311e-01 -7.932128067095380874e-01
6.640000000000000346e-01 -8.389841690254610240e-01
6.680000000000000382e-01 -8.473331102614769517e-01
6.720000000000000417e-01 -8.477028343910336661e-01
6.760000000000000453e-01 -8.688236932117289202e-01
6.800000000000000488e-01 -9.273557250083395154e-01
6.840000000000000524e-01 -9.295375909583696306e-01
6.880000000000000560e-01 -9.312890955951055316e-01
6.920000000000000595e-01 -9.866434177017507912e-01
6.960000000000000631e-01 -1.011751175011512682e+00
7.000000000000000666e-01 -1.012178737216457014e+00
7.040000000000000702e-01 -1.019254534391772715e+00
7.080000000000000737e-01 -1.067074275802344596e+00
7.120000000000000773e-01 -1.070861238810046023e+00
7.160000000000000808e-01 -1.070790916379243951e+00
7.200000000000000844e-01 -1.064794416877609340e+00
7.240000000000000879e-01 -1.058086904297860231e+00
7.280000000000000915e-01 -1.057864721847289857e+00
7.320000000000000950e-01 -1.049504374951770735e+00
7.360000000000000986e-01 -9.216567485787102720e-01
7.400000000000001021e-01 -8.983567452300831313e-01
7.440000000000001057e-01 -8.970678017058216769e-01
7.480000000000001092e-01 -8.190655491453867620e-01
7.520000000000001128e-01 -6.095851423528814150e-01
7.560000000000001164e-01 -6.019371479467069408e-01
7.600000000000001199e-01 -5.934636471039183014e-01
7.640000000000001235e-01 -3.364800341416889773e-01
7.680000000000001270e-01 -2.269532205831051586e-01
7.720000000000001306e-01 -2.247875869165016915e-01
7.760000000000001341e-01 -1.646150216596368177e-01
7.800000000000001377e-01 2.072718018119084904e-01
7.840000000000001412e-01 2.344065024199228908e-01
7.880000000000001448e-01 2.383957757117944609e-01
7.920000000000001483e-01 4.296056921573139231e-01
7.960000000000001519e-01 6.182749398247638917e-01
8.000000000000001554e-01 6.219003514052228176e-01
8.040000000000001590e-01 6.231734222716824867e-01
8.079999999999999405e-01 6.396709679641714441e-01
8.119999999999999440e-01 6.422447521660006320e-01
8.159999999999999476e-01 6.410628349175014895e-01
8.199999999999999512e-01 5.539285241931083403e-01
8.239999999999999547e-01 3.598113690075120941e-01
8.279999999999999583e-01 3.536362449829306698e-01
8.319999999999999618e-01 3.472143306208451130e-01
8.359999999999999654e-01 1.819146032897003828e-01
8.399999999999999689e-01 1.252805552217198803e-01
8.439999999999999725e-01 1.245122729616254809e-01
8.479999999999999760e-01 1.210435529364548846e-01
8.519999999999999796e-01 1.042678914035257837e-01
8.559999999999999831e-01 1.032949651657854434e-01
8.599999999999999867e-01 1.041890483407575674e-01
8.639999999999999902e-01 1.440081145317811395e-01
8.679999999999999938e-01 1.735625498924756593e-01
8.719999999999999973e-01 1.741184526876307925e-01
8.760000000000000009e-01 1.799084248986516921e-01
8.800000000000000044e-01 2.377614968618163294e-01
8.840000000000000080e-01 2.444817549056695349e-01
8.880000000000000115e-01 2.448667201410910932e-01
8.920000000000000151e-01 2.648031651338195736e-01
8.960000000000000187e-01 2.961436151448089138e-01
9.000000000000000222e-01 2.969366483142051316e-01
9.040000000000000258e-01 2.981084361123618187e-01
9.080000000000000293e-01 3.203861649752027807e-01
9.120000000000000329e-01 3.256268499850356601e-01
9.160000000000000364e-01 3.257272619888564869e-01
9.200000000000000400e-01 3.287949853111608034e-01
9.240000000000000435e-01 3.386902595830055263e-01
9.280000000000000471e-01 3.391056024285647452e-01
9.320000000000000506e-01 3.394541492594856380e-01
9.360000000000000542e-01 3.508257913854776477e-01
9.400000000000000577e-01 3.562188579777277875e-01
9.440000000000000613e-01 3.563492350734582814e-01
9.480000000000000648e-01 3.612416289728347940e-01
9.520000000000000684e-01 3.923261222507736790e-01
9.560000000000000719e-01 3.946563202444008933e-01
9.600000000000000755e-01 3.953559684721976164e-01
9.640000000000000790e-01 4.292722111620937420e-01
9.680000000000000826e-01 4.610957861726439622e-01
9.720000000000000862e-01 4.617532463228734008e-01
9.760000000000000897e-01 4.678628013970380639e-01
9.800000000000000933e-01 5.402729699802520935e-01
9.840000000000000968e-01 5.503064378010354973e-01
9.880000000000001004e-01 5.509347013902776702e-01
9.920000000000001039e-01 5.857576873140807328e-01
9.960000000000001075e-01 6.487040639538668163e-01
1.000000000000000000e+00 6.504534182557855093e-01
