# # hall conductivity
-5.999999999999999778e-01 -3.482336857540860864e-01
-5.959999999999999742e-01 -3.481228656067982818e-01
-5.919999999999999707e-01 -3.454940694504233245e-01
-5.879999999999999671e-01 -3.446886808006940361e-01
-5.839999999999999636e-01 -3.446731692438413930e-01
-5.799999999999999600e-01 -3.441780580345463747e-01
-5.759999999999999565e-01 -3.408549502985974700e-01
-5.719999999999999529e-01 -3.405932227389374400e-01
-5.679999999999999494e-01 -3.405641797573326079e-01
-5.639999999999999458e-01 -3.388585948908922618e-01
-5.599999999999999423e-01 -3.360565366723234360e-01
-5.559999999999999387e-01 -3.359834797940784434e-01
-5.519999999999999352e-01 -3.358585775010924923e-01
-5.479999999999999316e-01 -3.322887100352689971e-01
-5.439999999999999281e-01 -3.308915305648682526e-01
-5.400000000000000355e-01 -3.308670656424342882e-01
-5.360000000000000320e-01 -3.303211236037509324e-01
-5.320000000000000284e-01 -3.257268205840938569e-01
-5.280000000000000249e-01 -3.252773401588934798e-01
-5.240000000000000213e-01 -3.252451618525697419e-01
-5.200000000000000178e-01 -3.233147695726555360e-01
-5.160000000000000142e-01 -3.193216814687730998e-01
-5.120000000000000107e-01 -3.192010916839362888e-01
-5.080000000000000071e-01 -3.190729317915078078e-01
-5.040000000000000036e-01 -3.147946531876235632e-01
-5.000000000000000000e-01 -3.127057068254047723e-01
-4.959999999999999964e-01 -3.126700545440244672e-01
-4.919999999999999929e-01 -3.121136008795831751e-01
-4.879999999999999893e-01 -3.064034135796444014e-01
-4.839999999999999858e-01 -3.057221508044304370e-01
-4.799999999999999822e-01 -3.056877798963981152e-01
-4.759999999999999787e-01 -3.036605735927880301e-01
-4.719999999999999751e-01 -2.985185178215951085e-01
-4.679999999999999716e-01 -2.983393696826844299e-01
-4.639999999999999680e-01 -2.982133899765995744e-01
-4.599999999999999645e-01 -2.934434225565036303e-01
-4.559999999999999609e-01 -2.906106473601064444e-01
-4.519999999999999574e-01 -2.905616563903246630e-01
-4.479999999999999538e-01 -2.900158441343524962e-01
-4.439999999999999503e-01 -2.833753751708011359e-01
-4.399999999999999467e-01 -2.824299359876912829e-01
-4.359999999999999432e-01 -2.823935737610447916e-01
-4.319999999999999396e-01 -2.803499023564877679e-01
-4.279999999999999361e-01 -2.741653133469648118e-01
-4.239999999999999880e-01 -2.739193342355429328e-01
-4.199999999999999845e-01 -2.737977649704987915e-01
-4.159999999999999809e-01 -2.687155849493992332e-01
-4.119999999999999774e-01 -2.651417389923257928e-01
-4.079999999999999738e-01 -2.650778530599107174e-01
-4.039999999999999702e-01 -2.645516564072989407e-01
-3.999999999999999667e-01 -2.571721561887507224e-01
-3.959999999999999631e-01 -2.559483166729319970e-01
-3.919999999999999596e-01 -2.559098666891467255e-01
-3.880000000000000115e-01 -2.538928740362267900e-01
-3.840000000000000080e-01 -2.468139227116144807e-01
-3.800000000000000044e-01 -2.464974461764828095e-01
-3.760000000000000009e-01 -2.463806895562374588e-01
-3.719999999999999973e-01 -2.411196967638778166e-01
-3.679999999999999938e-01 -2.368604784656617168e-01
-3.639999999999999902e-01 -2.367811979740006290e-01
-3.599999999999999867e-01 -2.362762321083102524e-01
-3.559999999999999831e-01 -2.283373956676474914e-01
-3.519999999999999796e-01 -2.268435540475123580e-01
-3.479999999999999760e-01 -2.268029178411310465e-01
-3.439999999999999725e-01 -2.248293665929480267e-01
-3.399999999999999689e-01 -2.170268189984720097e-01
-3.359999999999999654e-01 -2.166422515977440566e-01
-3.319999999999999618e-01 -2.165297244287495149e-01
-3.279999999999999583e-01 -2.111783538003260685e-01
-3.239999999999999547e-01 -2.063347005602206297e-01
-3.199999999999999512e-01 -2.062409252042182728e-01
-3.159999999999999476e-01 -2.057545539607535390e-01
-3.119999999999999440e-01 -1.974154287924047568e-01
-3.079999999999999960e-01 -1.956842411727082731e-01
-3.039999999999999925e-01 -1.956414996725303890e-01
-2.999999999999999889e-01 -1.937107614972728709e-01
-2.959999999999999853e-01 -1.853649811809898462e-01
-2.919999999999999818e-01 -1.849215639155411539e-01
-2.879999999999999782e-01 -1.848121899646947008e-01
-2.839999999999999747e-01 -1.794211747435074111e-01
-2.799999999999999711e-01 -1.741293483135949727e-01
-2.759999999999999676e-01 -1.740235321607649377e-01
-2.719999999999999640e-01 -1.735507602489461676e-01
-2.679999999999999605e-01 -1.649481197392300147e-01
-2.639999999999999569e-01 -1.630351902647903251e-01
-2.599999999999999534e-01 -1.629906883782481775e-01
-2.559999999999999498e-01 -1.610913637660197351e-01
-2.519999999999999463e-01 -1.523857024577507380e-01
-2.479999999999999982e-01 -1.518993371799674252e-01
-2.439999999999999947e-01 -1.517918146371432242e-01
-2.399999999999999911e-01 -1.463842497182399616e-01
-2.359999999999999876e-01 -1.408063039639536052e-01
-2.319999999999999840e-01 -1.406923705251894030e-01
-2.279999999999999805e-01 -1.402269297025491857e-01
-2.239999999999999769e-01 -1.314795828235865993e-01
-2.199999999999999734e-01 -1.294594753312692803e-01
-2.159999999999999698e-01 -1.294138200484273027e-01
-2.119999999999999662e-01 -1.275282905455870086e-01
-2.079999999999999627e-01 -1.186476369420160770e-01
-2.039999999999999591e-01 -1.181396751442408133e-01
-1.999999999999999556e-01 -1.180326015899137715e-01
-1.959999999999999520e-01 -1.126146984660725409e-01
-1.919999999999999485e-01 -1.069302376800969762e-01
-1.879999999999999449e-01 -1.068132341202550767e-01
-1.839999999999999414e-01 -1.063481662369821362e-01
-1.799999999999999933e-01 -9.756526316786404140e-02
-1.759999999999999898e-01 -9.552522797511929509e-02
-1.719999999999999862e-01 -9.547921105807476161e-02
-1.679999999999999827e-01 -9.358673801981395868e-02
-1.639999999999999791e-01 -8.471922512734733623e-02
-1.599999999999999756e-01 -8.421427252041170652e-02
-1.559999999999999720e-01 -8.410618263777154546e-02
-1.519999999999999685e-01 -7.867787967262113158e-02
-1.479999999999999649e-01 -7.307649879554073413e-02
-1.439999999999999614e-01 -7.296201467749098557e-02
-1.399999999999999578e-01 -7.248997053671682456e-02
-1.359999999999999543e-01 -6.378128737082931765e-02
-1.319999999999999507e-01 -6.181310559226620149e-02
-1.279999999999999472e-01 -6.176756890018272883e-02
-1.239999999999999436e-01 -5.984662903218762597e-02
-1.199999999999999956e-01 -5.118618504949645071e-02
-1.159999999999999920e-01 -5.070916088982179576e-02
-1.119999999999999885e-01 -5.059851773417958082e-02
-1.079999999999999849e-01 -4.516400429316325127e-02
-1.039999999999999813e-01 -3.983689745133831700e-02
-9.999999999999997780e-02 -3.973032963432621134e-02
-9.599999999999997424e-02 -3.924375436448172827e-02
-9.199999999999997069e-02 -3.072996317437562061e-02
-8.799999999999996714e-02 -2.892043810524837916e-02
-8.399999999999996358e-02 -2.887611040319704170e-02
-7.999999999999996003e-02 -2.690668908208003474e-02
-7.599999999999995648e-02 -1.865407804981586773e-02
-7.199999999999995293e-02 -1.822697035116423170e-02
-6.799999999999994937e-02 -1.811214701112060996e-02
-6.399999999999994582e-02 -1.269073182179085435e-02
-5.999999999999994227e-02 -7.819806837768152052e-03
-5.599999999999993872e-02 -7.725605543937193002e-03
-5.199999999999993516e-02 -7.216974786324177778e-03
-4.799999999999993161e-02 9.621527426618755457e-04
-4.399999999999992806e-02 2.541133151846300398e-03
-3.999999999999992450e-02 2.583788449876799932e-03
-3.599999999999992095e-02 4.617139846542772652e-03
-3.199999999999991740e-02 1.225699402827382101e-02
-2.799999999999991385e-02 1.261806823643629727e-02
-2.399999999999991029e-02 1.273877373767634026e-02
-2.000000000000001776e-02 1.810125304003059807e-02
-1.600000000000001421e-02 2.235776048923242623e-02
-1.200000000000001066e-02 2.243669991062132232e-02
-8.000000000000007105e-03 2.297438260440970437e-02
-4.000000000000003553e-03 3.065603107802346294e-02
0.000000000000000000e+00 3.195634384378930049e-02
4.000000000000003553e-03 3.199722469006904824e-02
8.000000000000007105e-03 3.410059564292309414e-02
1.200000000000001066e-02 4.092688799730388044e-02
1.600000000000001421e-02 4.121366120256698962e-02
2.000000000000001776e-02 4.134191584821217402e-02
2.400000000000002132e-02 4.656190382660017196e-02
2.800000000000002487e-02 5.008680753693243309e-02
3.200000000000002842e-02 5.014945781085582838e-02
3.600000000000003197e-02 5.072157069326057449e-02
4.000000000000003553e-02 5.772239822968284334e-02
4.400000000000003908e-02 5.872546365244972477e-02
4.800000000000004263e-02 5.876482473389901123e-02
5.200000000000004619e-02 6.092728214361900485e-02
5.600000000000004974e-02 6.675853274799743720e-02
6.000000000000005329e-02 6.697110242639411903e-02
6.400000000000005684e-02 6.710822910349781290e-02
6.800000000000006040e-02 7.205597549846205763e-02
7.200000000000006395e-02 7.479067931204763653e-02
7.600000000000006750e-02 7.483781622540294776e-02
8.000000000000007105e-02 7.544586921402393620e-02
8.400000000000007461e-02 8.157273038620693750e-02
8.800000000000007816e-02 8.229036649658409697e-02
9.200000000000008171e-02 8.232867261166247619e-02
9.600000000000008527e-02 8.451074871135429156e-02
1.000000000000000888e-01 8.920723584320915112e-02
1.039999999999999813e-01 8.935297778721294770e-02
1.079999999999999849e-01 8.949925611055625785e-02
1.119999999999999885e-01 9.399761698971455248e-02
1.159999999999999920e-01 9.595442593400013709e-02
1.199999999999999956e-01 9.598819987767356898e-02
1.239999999999999991e-01 9.662546424517090560e-02
1.280000000000000027e-01 1.016949730948379649e-01
1.320000000000000062e-01 1.021645300391947481e-01
1.360000000000000098e-01 1.022021167626064736e-01
1.400000000000000133e-01 1.043206935436429839e-01
1.440000000000000169e-01 1.078123789232585811e-01
1.480000000000000204e-01 1.079035822986668114e-01
1.520000000000000240e-01 1.080567923864443058e-01
1.560000000000000275e-01 1.118929207510637736e-01
1.600000000000000311e-01 1.131554551065034747e-01
1.640000000000000346e-01 1.131787015543378738e-01
1.680000000000000382e-01 1.138222279763349276e-01
1.720000000000000417e-01 1.176882741513837483e-01
1.760000000000000453e-01 1.179630527129505307e-01
1.800000000000000488e-01 1.179994947094107349e-01
1.840000000000000524e-01 1.199127936825232915e-01
1.880000000000000560e-01 1.222270586301158202e-01
1.920000000000000595e-01 1.222779762714246848e-01
1.960000000000000631e-01 1.224304777439355063e-01
2.000000000000000666e-01 1.253839695580434566e-01
2.040000000000000702e-01 1.260912538469148580e-01
2.080000000000000737e-01 1.261066740904292216e-01
2.120000000000000773e-01 1.267038720914639982e-01
2.160000000000000808e-01 1.292907999785520012e-01
2.200000000000000844e-01 1.294284900623725865e-01
2.240000000000000879e-01 1.294614440924405085e-01
2.280000000000000915e-01 1.309639718915936168e-01
2.320000000000000950e-01 1.322414238182623714e-01
2.359999999999999876e-01 1.322655319564420839e-01
2.399999999999999911e-01 1.323985589772858074e-01
2.439999999999999947e-01 1.342837565538486100e-01
2.479999999999999982e-01 1.346001783440976818e-01
2.520000000000000018e-01 1.346094563416078971e-01
2.560000000000000053e-01 1.350585472842618096e-01
2.600000000000000089e-01 1.363961779455386270e-01
2.640000000000000124e-01 1.364486974045210632e-01
2.680000000000000160e-01 1.364716915402083008e-01
2.720000000000000195e-01 1.373142141798862903e-01
2.760000000000000231e-01 1.377963557387388849e-01
2.800000000000000266e-01 1.378044001252451967e-01
2.840000000000000302e-01 1.378773314101211789e-01
2.880000000000000338e-01 1.385909948327595509e-01
2.920000000000000373e-01 1.386721525239471842e-01
2.960000000000000409e-01 1.386748925213083516e-01
3.000000000000000444e-01 1.388042150967924715e-01
3.040000000000000480e-01 1.390566157137773651e-01
3.080000000000000515e-01 1.390638439116812508e-01
3.120000000000000551e-01 1.390618861939210416e-01
3.160000000000000586e-01 1.390060771426919195e-01
3.200000000000000622e-01 1.389854706236518522e-01
3.240000000000000657e-01 1.389844443074720604e-01
3.280000000000000693e-01 1.389160843966186221e-01
3.320000000000000728e-01 1.384801845571048406e-01
3.360000000000000764e-01 1.384474204898475114e-01
3.400000000000000799e-01 1.384394553804404460e-01
3.440000000000000835e-01 1.380039383412917653e-01
3.480000000000000870e-01 1.374731366717176495e-01
3.520000000000000906e-01 1.374611651625778641e-01
3.560000000000000941e-01 1.374019257051080078e-01
3.599999999999999867e-01 1.362974956244288882e-01
3.639999999999999902e-01 1.360449239817538569e-01
3.679999999999999938e-01 1.360376434286543756e-01
3.719999999999999973e-01 1.356786778046470687e-01
3.760000000000000009e-01 1.342719724487559108e-01
3.800000000000000044e-01 1.342030536690705100e-01
3.840000000000000080e-01 1.341730622262363726e-01
3.880000000000000115e-01 1.328992813796977535e-01
3.920000000000000151e-01 1.319748534150380348e-01
3.960000000000000187e-01 1.319576160741249560e-01
4.000000000000000222e-01 1.317742079907475994e-01
4.040000000000000258e-01 1.296259189497728781e-01
4.080000000000000293e-01 1.293319669203616684e-01
4.120000000000000329e-01 1.293164707914712108e-01
4.160000000000000364e-01 1.284247702808683500e-01
4.200000000000000400e-01 1.263941977601562572e-01
4.240000000000000435e-01 1.263284893165365907e-01
4.280000000000000471e-01 1.262506620218305509e-01
4.320000000000000506e-01 1.239427534307789153e-01
4.360000000000000542e-01 1.229898320942345580e-01
4.400000000000000577e-01 1.229721104160634154e-01
4.440000000000000613e-01 1.225325326227569428e-01
4.480000000000000648e-01 1.195343290160632566e-01
4.520000000000000684e-01 1.192945153247406687e-01
4.560000000000000719e-01 1.192619653986908695e-01
4.600000000000000755e-01 1.175226896416418643e-01
4.640000000000000790e-01 1.153420613582376714e-01
4.680000000000000826e-01 1.152927456783214982e-01
4.720000000000000862e-01 1.151109423399044318e-01
4.760000000000000897e-01 1.117648291231623514e-01
4.800000000000000933e-01 1.110104078389907156e-01
4.840000000000000968e-01 1.109902085279645123e-01
4.880000000000001004e-01 1.100560519654809749e-01
4.920000000000001039e-01 1.065967426333433304e-01
4.960000000000001075e-01 1.064350243010812880e-01
5.000000000000001110e-01 1.063636577140098377e-01
5.040000000000001146e-01 1.035116424639365429e-01
5.080000000000001181e-01 1.016409101982380381e-01
5.120000000000001217e-01 1.016069111362437744e-01
5.160000000000001252e-01 1.012025133078016670e-01
5.200000000000001288e-01 9.705166296831239936e-02
5.240000000000001323e-01 9.655615324466888805e-02
5.280000000000001359e-01 9.652463116719267600e-02
5.320000000000001394e-01 9.473849023098875055e-02
5.360000000000001430e-01 9.136873336420055225e-02
5.400000000000001465e-01 9.127258039982719118e-02
5.440000000000001501e-01 9.111258707077757313e-02
5.480000000000001537e-01 8.712049594068191349e-02
5.520000000000001572e-01 8.581230461403133170e-02
5.559999999999999387e-01 8.578584736887427675e-02
5.599999999999999423e-01 8.492360470739701572e-02
5.639999999999999458e-01 8.042024328553276646e-02
5.679999999999999494e-01 8.013801196316677755e-02
5.719999999999999529e-01 8.007439378596831192e-02
5.759999999999999565e-01 7.707881536715525950e-02
5.799999999999999600e-01 7.436082776744122602e-02
5.839999999999999636e-01 7.430720061581955194e-02
5.879999999999999671e-01 7.394620735632512210e-02
5.919999999999999707e-01 6.910828611443227409e-02
5.959999999999999742e-01 6.834415281774822160e-02
5.999999999999999778e-01 6.831255328499349910e-02
6.039999999999999813e-01 6.659568822597783377e-02
6.079999999999999849e-01 6.237142649882093659e-02
6.119999999999999885e-01 6.222709444083271424e-02
6.159999999999999920e-01 6.208289476113410671e-02
6.199999999999999956e-01 5.779937022260892704e-02
6.239999999999999991e-01 5.602272076581572835e-02
6.280000000000000027e-01 5.598973990800675676e-02
6.320000000000000062e-01 5.518569356817606270e-02
6.360000000000000098e-01 5.005274690730077830e-02
6.400000000000000133e-01 4.966675899226750263e-02
6.440000000000000169e-01 4.960685714053458123e-02
6.480000000000000204e-01 4.658339087832577552e-02
6.520000000000000240e-01 4.330057211509497073e-02
6.560000000000000275e-01 4.323105251038019542e-02
6.600000000000000311e-01 4.289018703326451937e-02
6.640000000000000346e-01 3.768208252629663690e-02
6.680000000000000382e-01 3.673218625126336428e-02
6.720000000000000417e-01 3.669936721377894256e-02
6.760000000000000453e-01 3.500564186040936582e-02
6.800000000000000488e-01 3.031192166726520004e-02
6.840000000000000524e-01 3.013695079418990397e-02
6.880000000000000560e-01 2.999591883172003648e-02
6.920000000000000595e-01 2.553853687639894010e-02
6.960000000000000631e-01 2.351672097718426543e-02
7.000000000000000666e-01 2.347969314683278838e-02
7.040000000000000702e-01 2.267314226307492672e-02
7.080000000000000737e-01 1.722152837964173802e-02
7.120000000000000773e-01 1.678912655113189503e-02
7.160000000000000808e-01 1.672766534194702545e-02
7.200000000000000844e-01 1.360215328783262803e-02
7.240000000000000879e-01 1.010669902747870531e-02
7.280000000000000915e-01 1.003162740238719257e-02
7.320000000000000950e-01 9.675782610451147056e-03
7.360000000000000986e-01 4.243928310007170218e-03
7.400000000000001021e-01 3.254176062943737145e-03
7.440000000000001057e-01 3.219347330760152347e-03
7.480000000000001092e-01 1.421316109688772981e-03
7.520000000000001128e-01 -3.407284216780256947e-03
7.560000000000001164e-01 -3.583172586736271901e-03
7.600000000000001199e-01 -3.737847040774383307e-03
7.640000000000001235e-01 -8.417817131770510483e-03
7.680000000000001270e-01 -1.041240526652280861e-02
7.720000000000001306e-01 -1.044966960793803322e-02
7.760000000000001341e-01 -1.134975218089447242e-02
7.800000000000001377e-01 -1.691227715267698897e-02
7.840000000000001412e-01 -1.731825000337627873e-02
7.880000000000001448e-01 -1.738856644274803034e-02
7.920000000000001483e-01 -2.079708762066872357e-02
7.960000000000001519e-01 -2.416036530114845302e-02
8.000000000000001554e-01 -2.422908770146183638e-02
8.040000000000001590e-01 -2.465051458318191779e-02
8.079999999999999405e-01 -3.025840655069380464e-02
8.119999999999999440e-01 -3.113756939945614907e-02
8.159999999999999476e-01 -3.117638154391757718e-02
8.199999999999999512e-01 -3.327053105625436824e-02
8.239999999999999547e-01 -3.793564230333457132e-02
8.279999999999999583e-01 -3.808444312015864253e-02
8.319999999999999618e-01 -3.827886309516814745e-02
8.359999999999999654e-01 -4.329298517796880547e-02
8.399999999999999689e-01 -4.501101041234625844e-02
8.439999999999999725e-01 -4.504617370163453705e-02
8.479999999999999760e-01 -4.617898325385721980e-02
8.519999999999999796e-01 -5.166768136095064440e-02
8.559999999999999831e-01 -5.198976185725840554e-02
8.599999999999999867e-01 -5.208197581288606659e-02
8.639999999999999902e-01 -5.600071176773012416e-02
8.679999999999999938e-01 -5.890923931620044990e-02
8.719999999999999973e-01 -5.896397640137751583e-02
8.760000000000000009e-01 -5.953656748107659380e-02
8.800000000000000044e-01 -6.525788888451908298e-02
8.840000000000000080e-01 -6.592258594201041988e-02
8.880000000000000115e-01 -6.597138033633379028e-02
8.920000000000000151e-01 -6.862531932350195152e-02
8.960000000000000187e-01 -7.279740826345475202e-02
9.000000000000000222e-01 -7.290425719836038376e-02
9.040000000000000258e-01 -7.318753927963635164e-02
9.080000000000000293e-01 -7.858911595375489556e-02
9.120000000000000329e-01 -7.985990491790388723e-02
9.160000000000000364e-01 -7.989490553274838924e-02
9.200000000000000400e-01 -8.148808315957206672e-02
9.240000000000000435e-01 -8.662757968293394173e-02
9.280000000000000471e-01 -8.684291676501183777e-02
9.320000000000000506e-01 -8.698455272054758658e-02
9.360000000000000542e-01 -9.159025878697849010e-02
9.400000000000000577e-01 -9.377442276928191212e-02
9.440000000000000613e-01 -9.381510752349675464e-02
9.480000000000000648e-01 -9.470138900187097253e-02
9.520000000000000684e-01 -1.003314461750782344e-01
9.560000000000000719e-01 -1.007529835074389840e-01
9.600000000000000755e-01 -1.008272452982607592e-01
9.640000000000000790e-01 -1.043374025798273624e-01
9.680000000000000826e-01 -1.076309474580361136e-01
9.720000000000000862e-01 -1.076973765699061891e-01
9.760000000000000897e-01 -1.081738672596390255e-01
9.800000000000000933e-01 -1.138194654529737365e-01
9.840000000000000968e-01 -1.146016983835743408e-01
9.880000000000001004e-01 -1.146459787016285564e-01
9.920000000000001039e-01 -1.170455139727736016e-01
9.960000000000001075e-01 -1.213829236135411521e-01
1.000000000000000000e+00 -1.215037731346643723e-01
