-1 3.12054 0
-0.995 3.12122 0
-0.99 3.12191 0
-0.985 3.12259 0
-0.98 3.12327 0
-0.975 3.12395 0
-0.97 3.12464 0
-0.965 3.12532 0
-0.96 3.126 0
-0.955 3.12669 0
-0.95 3.12737 0
-0.945 3.12805 0
-0.94 3.12874 0
-0.935 3.12942 0
-0.93 3.13011 0
-0.925 3.13079 0
-0.92 3.13148 0
-0.915 3.13217 0
-0.91 3.13285 0
-0.905 3.13354 0
-0.9 3.13423 0
-0.895 3.13491 0
-0.89 3.1356 0
-0.885 3.13629 0
-0.88 3.13698 0
-0.875 3.13766 0
-0.87 3.13835 0
-0.865 3.13904 0
-0.86 3.13973 0
-0.855 3.14042 0
-0.85 3.14111 0
-0.845 3.1418 0
-0.84 3.14249 0
-0.835 3.14318 0
-0.83 3.14387 0
-0.825 3.14456 0
-0.82 3.14525 0
-0.815 3.14594 0
-0.81 3.14664 0
-0.805 3.14733 0
-0.8 3.14802 0
-0.795 3.14871 0
-0.79 3.14941 0
-0.785 3.1501 0
-0.78 3.15079 0
-0.775 3.15149 0
-0.77 3.15218 0
-0.765 3.15288 0
-0.76 3.15357 0
-0.755 3.15427 0
-0.75 3.15496 0
-0.745 3.15566 0
-0.74 3.15635 0
-0.735 3.15705 0
-0.73 3.15774 0
-0.725 3.15844 0
-0.72 3.15914 0
-0.715 3.15984 0
-0.71 3.16053 0
-0.705 3.16123 0
-0.7 3.16193 0
-0.695 3.16263 0
-0.69 3.16333 0
-0.685 3.16402 0
-0.68 3.16472 0
-0.675 3.16542 0
-0.67 3.16612 0
-0.665 3.16682 0
-0.66 3.16752 0
-0.655 3.16822 0
-0.65 3.16893 0
-0.645 3.16963 0
-0.64 3.17033 0
-0.635 3.17103 0
-0.63 3.17173 0
-0.625 3.17243 0
-0.62 3.17314 0
-0.615 3.17384 0
-0.61 3.17454 0
-0.605 3.17525 0
-0.6 3.17595 0
-0.595 3.17665 0
-0.59 3.17736 0
-0.585 3.17806 0
-0.58 3.17877 0
-0.575 3.17947 0
-0.57 3.18018 0
-0.565 3.18089 0
-0.56 3.18159 0
-0.555 3.1823 0
-0.55 3.183 0
-0.545 3.18371 0
-0.54 3.18442 0
-0.535 3.18513 0
-0.53 3.18583 0
-0.525 3.18654 0
-0.52 3.18725 0
-0.515 3.18796 0
-0.51 3.18867 0
-0.505 3.18938 0
-0.5 3.19009 0
-0.495 3.1908 0
-0.49 3.19151 0
-0.485 3.19222 0
-0.48 3.19293 0
-0.475 3.19364 0
-0.47 3.19435 0
-0.465 3.19506 0
-0.46 3.19577 0
-0.455 3.19649 0
-0.45 3.1972 0
-0.445 3.19791 0
-0.44 3.19863 0
-0.435 3.19934 0
-0.43 3.20005 0
-0.425 3.20077 0
-0.42 3.20148 0
-0.415 3.2022 0
-0.41 3.20291 0
-0.405 3.20363 0
-0.4 3.20434 0
-0.395 3.20506 0
-0.39 3.20577 0
-0.385 3.20649 0
-0.38 3.20721 0
-0.375 3.20792 0
-0.37 3.20864 0
-0.365 3.20936 0
-0.36 3.21008 0
-0.355 3.21079 0
-0.35 3.21151 0
-0.345 3.21223 0
-0.34 3.21295 0
-0.335 3.21367 0
-0.33 3.21439 0
-0.325 3.21511 0
-0.32 3.21583 0
-0.315 3.21655 0
-0.31 3.21727 0
-0.305 3.21799 0
-0.3 3.21871 0
-0.295 3.21943 0
-0.29 3.22016 0
-0.285 3.22088 0
-0.28 3.2216 0
-0.275 3.22232 0
-0.27 3.22305 0
-0.265 3.22377 0
-0.26 3.22449 0
-0.255 3.22522 0
-0.25 3.22594 0
-0.245 3.22667 0
-0.24 3.22739 0
-0.235 3.22812 0
-0.23 3.22884 0
-0.225 3.22957 0
-0.22 3.23029 0
-0.215 3.23102 0
-0.21 3.23175 0
-0.205 3.23247 0
-0.2 3.2332 0
-0.195 3.23393 0
-0.19 3.23466 0
-0.185 3.23539 0
-0.18 3.23611 0
-0.175 3.23684 0
-0.17 3.23757 0
-0.165 3.2383 0
-0.16 3.23903 0
-0.155 3.23976 0
-0.15 3.24049 0
-0.145 3.24122 0
-0.14 3.24195 0
-0.135 3.24268 0
-0.13 3.24342 0
-0.125 3.24415 0
-0.12 3.24488 0
-0.115 3.24561 0
-0.11 3.24634 0
-0.105 3.24708 0
-0.1 3.24781 0
-0.095 3.24854 0
-0.09 3.24928 0
-0.085 3.25001 0
-0.08 3.25075 0
-0.075 3.25148 0
-0.07 3.25222 0
-0.065 3.25295 0
-0.06 3.25369 0
-0.055 3.25442 0
-0.05 3.25516 0
-0.045 3.2559 0
-0.04 3.25663 0
-0.035 3.25737 0
-0.03 3.25811 0
-0.025 3.25885 0
-0.02 3.25959 0
-0.015 3.26032 0
-0.01 3.26106 0
-0.005 3.2618 0
0 3.26254 0
0.005 3.26328 0
0.01 3.26402 0
0.015 3.26476 0
0.02 3.2655 0
0.025 3.26624 0
0.03 3.26698 0
0.035 3.26773 0
0.04 3.26847 0
0.045 3.26921 0
0.05 3.26995 0
0.055 3.27069 0
0.06 3.27144 0
0.065 3.27218 0
0.07 3.27292 0
0.075 3.27367 0
0.08 3.27441 0
0.085 3.27516 0
0.09 3.2759 0
0.095 3.27665 0
0.1 3.27739 0
0.105 3.27814 0
0.11 3.27889 0
0.115 3.27963 0
0.12 3.28038 0
0.125 3.28113 0
0.13 3.28187 0
0.135 3.28262 0
0.14 3.28337 0
0.145 3.28412 0
0.15 3.28487 0
0.155 3.28561 0
0.16 3.28636 0
0.165 3.28711 0
0.17 3.28786 0
0.175 3.28861 0
0.18 3.28936 0
0.185 3.29011 0
0.19 3.29087 0
0.195 3.29162 0
0.2 3.29237 0
0.205 3.29312 0
0.21 3.29387 0
0.215 3.29463 0
0.22 3.29538 0
0.225 3.29613 0
0.23 3.29689 0
0.235 3.29764 0
0.24 3.29839 0
0.245 3.29915 0
0.25 3.2999 0
0.255 3.30066 0
0.26 3.30141 0
0.265 3.30217 0
0.27 3.30293 0
0.275 3.30368 0
0.28 3.30444 0
0.285 3.3052 0
0.29 3.30595 0
0.295 3.30671 0
0.3 3.30747 0
0.305 3.30823 0
0.31 3.30899 0
0.315 3.30974 0
0.32 3.3105 0
0.325 3.31126 0
0.33 3.31202 0
0.335 3.31278 0
0.34 3.31354 0
0.345 3.3143 0
0.35 3.31507 0
0.355 3.31583 0
0.36 3.31659 0
0.365 3.31735 0
0.37 3.31811 0
0.375 3.31888 0
0.38 3.31964 0
0.385 3.3204 0
0.39 3.32117 0
0.395 3.32193 0
0.4 3.32269 0
0.405 3.32346 0
0.41 3.32422 0
0.415 3.32499 0
0.42 3.32575 0
0.425 3.32652 0
0.43 3.32729 0
0.435 3.32805 0
0.44 3.32882 0
0.445 3.32959 0
0.45 3.33035 0
0.455 3.33112 0
0.46 3.33189 0
0.465 3.33266 0
0.47 3.33343 0
0.475 3.33419 0
0.48 3.33496 0
0.485 3.33573 0
0.49 3.3365 0
0.495 3.33727 0
0.5 3.33804 0
0.505 3.33882 0
0.51 3.33959 0
0.515 3.34036 0
0.52 3.34113 0
0.525 3.3419 0
0.53 3.34267 0
0.535 3.34345 0
0.54 3.34422 0
0.545 3.34499 0
0.55 3.34577 0
0.555 3.34654 0
0.56 3.34732 0
0.565 3.34809 0
0.57 3.34887 0
0.575 3.34964 0
0.58 3.35042 0
0.585 3.35119 0
0.59 3.35197 0
0.595 3.35275 0
0.6 3.35352 0
0.605 3.3543 0
0.61 3.35508 0
0.615 3.35586 0
0.62 3.35663 0
0.625 3.35741 0
0.63 3.35819 0
0.635 3.35897 0
0.64 3.35975 0
0.645 3.36053 0
0.65 3.36131 0
0.655 3.36209 0
0.66 3.36287 0
0.665 3.36365 0
0.67 3.36443 0
0.675 3.36522 0
0.68 3.366 0
0.685 3.36678 0
0.69 3.36756 0
0.695 3.36835 0
0.7 3.36913 0
0.705 3.36991 0
0.71 3.3707 0
0.715 3.37148 0
0.72 3.37227 0
0.725 3.37305 0
0.73 3.37384 0
0.735 3.37462 0
0.74 3.37541 0
0.745 3.37619 0
0.75 3.37698 0
0.755 3.37777 0
0.76 3.37855 0
0.765 3.37934 0
0.77 3.38013 0
0.775 3.38092 0
0.78 3.38171 0
0.785 3.3825 0
0.79 3.38328 0
0.795 3.38407 0
0.8 3.38486 0
0.805 3.38565 0
0.81 3.38644 0
0.815 3.38724 0
0.82 3.38803 0
0.825 3.38882 0
0.83 3.38961 0
0.835 3.3904 0
0.84 3.39119 0
0.845 3.39199 0
0.85 3.39278 0
0.855 3.39357 0
0.86 3.39437 0
0.865 3.39516 0
0.87 3.39596 0
0.875 3.39675 0
0.88 3.39755 0
0.885 3.39834 0
0.89 3.39914 0
0.895 3.39993 0
0.9 3.40073 0
0.905 3.40153 0
0.91 3.40232 0
0.915 3.40312 0
0.92 3.40392 0
0.925 3.40472 0
0.93 3.40551 0
0.935 3.40631 0
0.94 3.40711 0
0.945 3.40791 0
0.95 3.40871 0
0.955 3.40951 0
0.96 3.41031 0
0.965 3.41111 0
0.97 3.41191 0
0.975 3.41271 0
0.98 3.41352 0
0.985 3.41432 0
0.99 3.41512 0
0.995 3.41592 0
1 3.41672 0
