-1 2.60727 0
-0.993333 2.60638 0
-0.986667 2.60549 0
-0.98 2.6046 0
-0.973333 2.6037 0
-0.966667 2.60281 0
-0.96 2.60192 0
-0.953333 2.60103 0
-0.946667 2.60014 0
-0.94 2.59925 0
-0.933333 2.59835 0
-0.926667 2.59746 0
-0.92 2.59657 0
-0.913333 2.59568 0
-0.906667 2.59479 0
-0.9 2.5939 0
-0.893333 2.59301 0
-0.886667 2.59212 0
-0.88 2.59123 0
-0.873333 2.59034 0
-0.866667 2.58945 0
-0.86 2.58856 0
-0.853333 2.58767 0
-0.846667 2.58678 0
-0.84 2.58589 0
-0.833333 2.58501 0
-0.826667 2.58412 0
-0.82 2.58323 0
-0.813333 2.58235 0
-0.806667 2.58146 0
-0.8 2.58058 0
-0.793333 2.57969 0
-0.786667 2.57881 0
-0.78 2.57793 0
-0.773333 2.57704 0
-0.766667 2.57616 0
-0.76 2.57528 0
-0.753333 2.5744 0
-0.746667 2.57352 0
-0.74 2.57265 0
-0.733333 2.57177 0
-0.726667 2.57089 0
-0.72 2.57002 0
-0.713333 2.56914 0
-0.706667 2.56827 0
-0.7 2.56739 0
-0.693333 2.56652 0
-0.686667 2.56565 0
-0.68 2.56478 0
-0.673333 2.56391 0
-0.666667 2.56304 0
-0.66 2.56217 0
-0.653333 2.56131 0
-0.646667 2.56044 0
-0.64 2.55958 0
-0.633333 2.55871 0
-0.626667 2.55785 0
-0.62 2.55699 0
-0.613333 2.55613 0
-0.606667 2.55527 0
-0.6 2.55441 0
-0.593333 2.55356 0
-0.586667 2.5527 0
-0.58 2.55185 0
-0.573333 2.55099 0
-0.566667 2.55014 0
-0.56 2.54929 0
-0.553333 2.54844 0
-0.546667 2.54759 0
-0.54 2.54674 0
-0.533333 2.5459 0
-0.526667 2.54505 0
-0.52 2.54421 0
-0.513333 2.54337 0
-0.506667 2.54252 0
-0.5 2.54168 0
-0.493333 2.54084 0
-0.486667 2.54001 0
-0.48 2.53917 0
-0.473333 2.53833 0
-0.466667 2.5375 0
-0.46 2.53667 0
-0.453333 2.53584 0
-0.446667 2.53501 0
-0.44 2.53418 0
-0.433333 2.53335 0
-0.426667 2.53252 0
-0.42 2.5317 0
-0.413333 2.53087 0
-0.406667 2.53005 0
-0.4 2.52923 0
-0.393333 2.52841 0
-0.386667 2.52759 0
-0.38 2.52677 0
-0.373333 2.52595 0
-0.366667 2.52514 0
-0.36 2.52433 0
-0.353333 2.52351 0
-0.346667 2.5227 0
-0.34 2.52189 0
-0.333333 2.52108 0
-0.326667 2.52027 0
-0.32 2.51947 0
-0.313333 2.51866 0
-0.306667 2.51786 0
-0.3 2.51705 0
-0.293333 2.51625 0
-0.286667 2.51545 0
-0.28 2.51465 0
-0.273333 2.51385 0
-0.266667 2.51305 0
-0.26 2.51226 0
-0.253333 2.51146 0
-0.246667 2.51067 0
-0.24 2.50987 0
-0.233333 2.50908 0
-0.226667 2.50829 0
-0.22 2.5075 0
-0.213333 2.50671 0
-0.206667 2.50593 0
-0.2 2.50514 0
-0.193333 2.50435 0
-0.186667 2.50357 0
-0.18 2.50278 0
-0.173333 2.502 0
-0.166667 2.50122 0
-0.16 2.50044 0
-0.153333 2.49966 0
-0.146667 2.49888 0
-0.14 2.4981 0
-0.133333 2.49732 0
-0.126667 2.49655 0
-0.12 2.49577 0
-0.113333 2.495 0
-0.106667 2.49422 0
-0.1 2.49345 0
-0.0933333 2.49268 0
-0.0866667 2.49191 0
-0.08 2.49114 0
-0.0733333 2.49037 0
-0.0666667 2.4896 0
-0.06 2.48883 0
-0.0533333 2.48806 0
-0.0466667 2.48729 0
-0.04 2.48653 0
-0.0333333 2.48576 0
-0.0266667 2.485 0
-0.02 2.48423 0
-0.0133333 2.48347 0
-0.00666667 2.4827 0
0 2.48194 0
0.00666667 2.48118 0
0.0133333 2.48042 0
0.02 2.47965 0
0.0266667 2.47889 0
0.0333333 2.47813 0
0.04 2.47737 0
0.0466667 2.47661 0
0.0533333 2.47585 0
0.06 2.47509 0
0.0666667 2.47433 0
0.0733333 2.47357 0
0.08 2.47282 0
0.0866667 2.47206 0
0.0933333 2.4713 0
0.1 2.47054 0
0.106667 2.46979 0
0.113333 2.46903 0
0.12 2.46827 0
0.126667 2.46751 0
0.133333 2.46676 0
0.14 2.466 0
0.146667 2.46524 0
0.153333 2.46449 0
0.16 2.46373 0
0.166667 2.46297 0
0.173333 2.46222 0
0.18 2.46146 0
0.186667 2.4607 0
0.193333 2.45995 0
0.2 2.45919 0
0.206667 2.45843 0
0.213333 2.45767 0
0.22 2.45692 0
0.226667 2.45616 0
0.233333 2.4554 0
0.24 2.45464 0
0.246667 2.45389 0
0.253333 2.45313 0
0.26 2.45237 0
0.266667 2.45161 0
0.273333 2.45085 0
0.28 2.45009 0
0.286667 2.44933 0
0.293333 2.44857 0
0.3 2.44781 0
0.306667 2.44704 0
0.313333 2.44628 0
0.32 2.44552 0
0.326667 2.44476 0
0.333333 2.44399 0
0.34 2.44323 0
0.346667 2.44246 0
0.353333 2.4417 0
0.36 2.44093 0
0.366667 2.44017 0
0.373333 2.4394 0
0.38 2.43863 0
0.386667 2.43786 0
0.393333 2.43709 0
0.4 2.43632 0
0.406667 2.43555 0
0.413333 2.43478 0
0.42 2.43401 0
0.426667 2.43323 0
0.433333 2.43246 0
0.44 2.43168 0
0.446667 2.43091 0
0.453333 2.43013 0
0.46 2.42935 0
0.466667 2.42858 0
0.473333 2.4278 0
0.48 2.42702 0
0.486667 2.42623 0
0.493333 2.42545 0
0.5 2.42467 0
0.506667 2.42388 0
0.513333 2.4231 0
0.52 2.42231 0
0.526667 2.42152 0
0.533333 2.42074 0
0.54 2.41995 0
0.546667 2.41916 0
0.553333 2.41836 0
0.56 2.41757 0
0.566667 2.41678 0
0.573333 2.41598 0
0.58 2.41518 0
0.586667 2.41439 0
0.593333 2.41359 0
0.6 2.41279 0
0.606667 2.41199 0
0.613333 2.41118 0
0.62 2.41038 0
0.626667 2.40958 0
0.633333 2.40877 0
0.64 2.40796 0
0.646667 2.40715 0
0.653333 2.40634 0
0.66 2.40553 0
0.666667 2.40472 0
0.673333 2.40391 0
0.68 2.40309 0
0.686667 2.40227 0
0.693333 2.40146 0
0.7 2.40064 0
0.706667 2.39982 0
0.713333 2.399 0
0.72 2.39817 0
0.726667 2.39735 0
0.733333 2.39652 0
0.74 2.39569 0
0.746667 2.39487 0
0.753333 2.39404 0
0.76 2.3932 0
0.766667 2.39237 0
0.773333 2.39154 0
0.78 2.3907 0
0.786667 2.38986 0
0.793333 2.38903 0
0.8 2.38819 0
0.806667 2.38734 0
0.813333 2.3865 0
0.82 2.38566 0
0.826667 2.38481 0
0.833333 2.38397 0
0.84 2.38312 0
0.846667 2.38227 0
0.853333 2.38142 0
0.86 2.38056 0
0.866667 2.37971 0
0.873333 2.37886 0
0.88 2.378 0
0.886667 2.37714 0
0.893333 2.37628 0
0.9 2.37542 0
0.906667 2.37456 0
0.913333 2.3737 0
0.92 2.37283 0
0.926667 2.37196 0
0.933333 2.3711 0
0.94 2.37023 0
0.946667 2.36936 0
0.953333 2.36849 0
0.96 2.36761 0
0.966667 2.36674 0
0.973333 2.36586 0
0.98 2.36499 0
0.986667 2.36411 0
0.993333 2.36323 0
1 2.36235 0
