-1 -0.00547543 0
-0.995 -0.00549286 0
-0.99 -0.00551029 0
-0.985 -0.00552772 0
-0.98 -0.00554516 0
-0.975 -0.00556259 0
-0.97 -0.00558003 0
-0.965 -0.00559747 0
-0.96 -0.0056149 0
-0.955 -0.00563234 0
-0.95 -0.00564979 0
-0.945 -0.00566723 0
-0.94 -0.00568467 0
-0.935 -0.00570212 0
-0.93 -0.00571957 0
-0.925 -0.00573701 0
-0.92 -0.00575446 0
-0.915 -0.00577192 0
-0.91 -0.00578937 0
-0.905 -0.00580682 0
-0.9 -0.00582428 0
-0.895 -0.00584173 0
-0.89 -0.00585919 0
-0.885 -0.00587665 0
-0.88 -0.00589411 0
-0.875 -0.00591157 0
-0.87 -0.00592903 0
-0.865 -0.00594649 0
-0.86 -0.00596396 0
-0.855 -0.00598142 0
-0.85 -0.00599889 0
-0.845 -0.00601636 0
-0.84 -0.00603383 0
-0.835 -0.0060513 0
-0.83 -0.00606877 0
-0.825 -0.00608624 0
-0.82 -0.00610372 0
-0.815 -0.00612119 0
-0.81 -0.00613867 0
-0.805 -0.00615614 0
-0.8 -0.00617362 0
-0.795 -0.0061911 0
-0.79 -0.00620858 0
-0.785 -0.00622607 0
-0.78 -0.00624355 0
-0.775 -0.00626103 0
-0.77 -0.00627852 0
-0.765 -0.006296 0
-0.76 -0.00631349 0
-0.755 -0.00633098 0
-0.75 -0.00634847 0
-0.745 -0.00636596 0
-0.74 -0.00638345 0
-0.735 -0.00640094 0
-0.73 -0.00641844 0
-0.725 -0.00643593 0
-0.72 -0.00645343 0
-0.715 -0.00647092 0
-0.71 -0.00648842 0
-0.705 -0.00650592 0
-0.7 -0.00652342 0
-0.695 -0.00654092 0
-0.69 -0.00655842 0
-0.685 -0.00657592 0
-0.68 -0.00659343 0
-0.675 -0.00661093 0
-0.67 -0.00662843 0
-0.665 -0.00664594 0
-0.66 -0.00666345 0
-0.655 -0.00668096 0
-0.65 -0.00669847 0
-0.645 -0.00671598 0
-0.64 -0.00673349 0
-0.635 -0.006751 0
-0.63 -0.00676851 0
-0.625 -0.00678602 0
-0.62 -0.00680354 0
-0.615 -0.00682105 0
-0.61 -0.00683857 0
-0.605 -0.00685609 0
-0.6 -0.0068736 0
-0.595 -0.00689112 0
-0.59 -0.00690864 0
-0.585 -0.00692616 0
-0.58 -0.00694368 0
-0.575 -0.0069612 0
-0.57 -0.00697873 0
-0.565 -0.00699625 0
-0.56 -0.00701377 0
-0.555 -0.0070313 0
-0.55 -0.00704883 0
-0.545 -0.00706635 0
-0.54 -0.00708388 0
-0.535 -0.00710141 0
-0.53 -0.00711894 0
-0.525 -0.00713647 0
-0.52 -0.007154 0
-0.515 -0.00717153 0
-0.51 -0.00718906 0
-0.505 -0.00720659 0
-0.5 -0.00722413 0
-0.495 -0.00724166 0
-0.49 -0.00725919 0
-0.485 -0.00727673 0
-0.48 -0.00729426 0
-0.475 -0.0073118 0
-0.47 -0.00732934 0
-0.465 -0.00734688 0
-0.46 -0.00736442 0
-0.455 -0.00738195 0
-0.45 -0.00739949 0
-0.445 -0.00741703 0
-0.44 -0.00743458 0
-0.435 -0.00745212 0
-0.43 -0.00746966 0
-0.425 -0.0074872 0
-0.42 -0.00750475 0
-0.415 -0.00752229 0
-0.41 -0.00753984 0
-0.405 -0.00755738 0
-0.4 -0.00757493 0
-0.395 -0.00759247 0
-0.39 -0.00761002 0
-0.385 -0.00762757 0
-0.38 -0.00764512 0
-0.375 -0.00766266 0
-0.37 -0.00768021 0
-0.365 -0.00769776 0
-0.36 -0.00771531 0
-0.355 -0.00773286 0
-0.35 -0.00775042 0
-0.345 -0.00776797 0
-0.34 -0.00778552 0
-0.335 -0.00780307 0
-0.33 -0.00782062 0
-0.325 -0.00783818 0
-0.32 -0.00785573 0
-0.315 -0.00787329 0
-0.31 -0.00789084 0
-0.305 -0.0079084 0
-0.3 -0.00792595 0
-0.295 -0.00794351 0
-0.29 -0.00796107 0
-0.285 -0.00797862 0
-0.28 -0.00799618 0
-0.275 -0.00801374 0
-0.27 -0.0080313 0
-0.265 -0.00804885 0
-0.26 -0.00806641 0
-0.255 -0.00808397 0
-0.25 -0.00810153 0
-0.245 -0.00811909 0
-0.24 -0.00813665 0
-0.235 -0.00815421 0
-0.23 -0.00817177 0
-0.225 -0.00818934 0
-0.22 -0.0082069 0
-0.215 -0.00822446 0
-0.21 -0.00824202 0
-0.205 -0.00825958 0
-0.2 -0.00827715 0
-0.195 -0.00829471 0
-0.19 -0.00831227 0
-0.185 -0.00832984 0
-0.18 -0.0083474 0
-0.175 -0.00836497 0
-0.17 -0.00838253 0
-0.165 -0.0084001 0
-0.16 -0.00841766 0
-0.155 -0.00843523 0
-0.15 -0.00845279 0
-0.145 -0.00847036 0
-0.14 -0.00848792 0
-0.135 -0.00850549 0
-0.13 -0.00852305 0
-0.125 -0.00854062 0
-0.12 -0.00855819 0
-0.115 -0.00857575 0
-0.11 -0.00859332 0
-0.105 -0.00861089 0
-0.1 -0.00862846 0
-0.095 -0.00864602 0
-0.09 -0.00866359 0
-0.085 -0.00868116 0
-0.08 -0.00869873 0
-0.075 -0.00871629 0
-0.07 -0.00873386 0
-0.065 -0.00875143 0
-0.06 -0.008769 0
-0.055 -0.00878657 0
-0.05 -0.00880413 0
-0.045 -0.0088217 0
-0.04 -0.00883927 0
-0.035 -0.00885684 0
-0.03 -0.00887441 0
-0.025 -0.00889198 0
-0.02 -0.00890954 0
-0.015 -0.00892711 0
-0.01 -0.00894468 0
-0.005 -0.00896225 0
0 -0.00897982 0
0.005 -0.00899739 0
0.01 -0.00901496 0
0.015 -0.00903253 0
0.02 -0.00905009 0
0.025 -0.00906766 0
0.03 -0.00908523 0
0.035 -0.0091028 0
0.04 -0.00912037 0
0.045 -0.00913794 0
0.05 -0.00915551 0
0.055 -0.00917307 0
0.06 -0.00919064 0
0.065 -0.00920821 0
0.07 -0.00922578 0
0.075 -0.00924335 0
0.08 -0.00926091 0
0.085 -0.00927848 0
0.09 -0.00929605 0
0.095 -0.00931362 0
0.1 -0.00933118 0
0.105 -0.00934875 0
0.11 -0.00936632 0
0.115 -0.00938389 0
0.12 -0.00940145 0
0.125 -0.00941902 0
0.13 -0.00943659 0
0.135 -0.00945415 0
0.14 -0.00947172 0
0.145 -0.00948928 0
0.15 -0.00950685 0
0.155 -0.00952441 0
0.16 -0.00954198 0
0.165 -0.00955955 0
0.17 -0.00957711 0
0.175 -0.00959467 0
0.18 -0.00961224 0
0.185 -0.0096298 0
0.19 -0.00964737 0
0.195 -0.00966493 0
0.2 -0.00968249 0
0.205 -0.00970006 0
0.21 -0.00971762 0
0.215 -0.00973518 0
0.22 -0.00975274 0
0.225 -0.00977031 0
0.23 -0.00978787 0
0.235 -0.00980543 0
0.24 -0.00982299 0
0.245 -0.00984055 0
0.25 -0.00985811 0
0.255 -0.00987567 0
0.26 -0.00989323 0
0.265 -0.00991079 0
0.27 -0.00992835 0
0.275 -0.00994591 0
0.28 -0.00996346 0
0.285 -0.00998102 0
0.29 -0.00999858 0
0.295 -0.0100161 0
0.3 -0.0100337 0
0.305 -0.0100512 0
0.31 -0.0100688 0
0.315 -0.0100864 0
0.32 -0.0101039 0
0.325 -0.0101215 0
0.33 -0.010139 0
0.335 -0.0101566 0
0.34 -0.0101741 0
0.345 -0.0101917 0
0.35 -0.0102092 0
0.355 -0.0102268 0
0.36 -0.0102443 0
0.365 -0.0102619 0
0.37 -0.0102794 0
0.375 -0.010297 0
0.38 -0.0103145 0
0.385 -0.0103321 0
0.39 -0.0103496 0
0.395 -0.0103672 0
0.4 -0.0103847 0
0.405 -0.0104023 0
0.41 -0.0104198 0
0.415 -0.0104374 0
0.42 -0.0104549 0
0.425 -0.0104724 0
0.43 -0.01049 0
0.435 -0.0105075 0
0.44 -0.0105251 0
0.445 -0.0105426 0
0.45 -0.0105602 0
0.455 -0.0105777 0
0.46 -0.0105952 0
0.465 -0.0106128 0
0.47 -0.0106303 0
0.475 -0.0106479 0
0.48 -0.0106654 0
0.485 -0.0106829 0
0.49 -0.0107005 0
0.495 -0.010718 0
0.5 -0.0107355 0
0.505 -0.0107531 0
0.51 -0.0107706 0
0.515 -0.0107881 0
0.52 -0.0108057 0
0.525 -0.0108232 0
0.53 -0.0108407 0
0.535 -0.0108583 0
0.54 -0.0108758 0
0.545 -0.0108933 0
0.55 -0.0109108 0
0.555 -0.0109284 0
0.56 -0.0109459 0
0.565 -0.0109634 0
0.57 -0.0109809 0
0.575 -0.0109985 0
0.58 -0.011016 0
0.585 -0.0110335 0
0.59 -0.011051 0
0.595 -0.0110685 0
0.6 -0.0110861 0
0.605 -0.0111036 0
0.61 -0.0111211 0
0.615 -0.0111386 0
0.62 -0.0111561 0
0.625 -0.0111736 0
0.63 -0.0111912 0
0.635 -0.0112087 0
0.64 -0.0112262 0
0.645 -0.0112437 0
0.65 -0.0112612 0
0.655 -0.0112787 0
0.66 -0.0112962 0
0.665 -0.0113137 0
0.67 -0.0113312 0
0.675 -0.0113487 0
0.68 -0.0113662 0
0.685 -0.0113837 0
0.69 -0.0114013 0
0.695 -0.0114188 0
0.7 -0.0114363 0
0.705 -0.0114538 0
0.71 -0.0114713 0
0.715 -0.0114887 0
0.72 -0.0115062 0
0.725 -0.0115237 0
0.73 -0.0115412 0
0.735 -0.0115587 0
0.74 -0.0115762 0
0.745 -0.0115937 0
0.75 -0.0116112 0
0.755 -0.0116287 0
0.76 -0.0116462 0
0.765 -0.0116637 0
0.77 -0.0116812 0
0.775 -0.0116986 0
0.78 -0.0117161 0
0.785 -0.0117336 0
0.79 -0.0117511 0
0.795 -0.0117686 0
0.8 -0.0117861 0
0.805 -0.0118035 0
0.81 -0.011821 0
0.815 -0.0118385 0
0.82 -0.011856 0
0.825 -0.0118734 0
0.83 -0.0118909 0
0.835 -0.0119084 0
0.84 -0.0119259 0
0.845 -0.0119433 0
0.85 -0.0119608 0
0.855 -0.0119783 0
0.86 -0.0119957 0
0.865 -0.0120132 0
0.87 -0.0120307 0
0.875 -0.0120481 0
0.88 -0.0120656 0
0.885 -0.012083 0
0.89 -0.0121005 0
0.895 -0.012118 0
0.9 -0.0121354 0
0.905 -0.0121529 0
0.91 -0.0121703 0
0.915 -0.0121878 0
0.92 -0.0122052 0
0.925 -0.0122227 0
0.93 -0.0122401 0
0.935 -0.0122576 0
0.94 -0.012275 0
0.945 -0.0122925 0
0.95 -0.0123099 0
0.955 -0.0123273 0
0.96 -0.0123448 0
0.965 -0.0123622 0
0.97 -0.0123797 0
0.975 -0.0123971 0
0.98 -0.0124145 0
0.985 -0.012432 0
0.99 -0.0124494 0
0.995 -0.0124668 0
1 -0.0124843 0
